0.0	0.0
0.01	0.01
0.02	0.02
0.03	0.03
0.04	0.04
0.05	0.05
0.06	0.06
0.07	0.07
0.08	0.08
0.09	0.09
0.1	0.1
0.11	0.11
0.12	0.12
0.13	0.13
0.14	0.14
0.15	0.15
0.16	0.16
0.17	0.17
0.18	0.18
0.19	0.19
0.2	0.2
0.21	0.21
0.22	0.22
0.23	0.23
0.24	0.24
0.25	0.25
0.26	0.26
0.27	0.27
0.28	0.28
0.29	0.29
0.3	0.3
0.31	0.31
0.32	0.32
0.33	0.33
0.34	0.34
0.35	0.35
0.36	0.36
0.37	0.37
0.38	0.38
0.39	0.39
0.4	0.4
0.41	0.41
0.42	0.42
0.43	0.43
0.44	0.44
0.44	0.44
0.45	0.45
0.46	0.46
0.47	0.47
0.48	0.48
0.49	0.49
0.5	0.5
0.51	0.51
0.52	0.52
0.53	0.53
0.54	0.54
0.55	0.55
0.56	0.56
0.56	0.56
0.57	0.57
0.58	0.58
0.59	0.59
0.6	0.6
0.61	0.61
0.62	0.62
0.63	0.63
0.63	0.63
0.64	0.64
0.65	0.65
0.66	0.66
0.67	0.67
0.68	0.68
0.68	0.68
0.69	0.69
0.7	0.7
0.71	0.71
0.71	0.72
0.71	0.72
0.71	0.73
0.71	0.74
0.71	0.75
0.71	0.75
0.71	0.76
0.71	0.77
0.71	0.78
0.71	0.78
0.71	0.79
0.71	0.8
0.71	0.81
0.71	0.81
0.71	0.82
0.71	0.83
0.72	0.83
0.72	0.84
0.72	0.85
0.72	0.85
0.72	0.86
0.72	0.87
0.72	0.87
0.72	0.88
0.72	0.88
0.72	0.89
0.72	0.9
0.72	0.9
0.72	0.91
0.72	0.91
0.72	0.92
0.72	0.93
0.72	0.93
0.72	0.94
0.72	0.94
0.72	0.95
0.72	0.95
0.72	0.96
0.72	0.96
0.72	0.97
0.72	0.97
0.72	0.98
0.73	0.98
0.73	0.99
0.73	0.99
0.73	0.99
0.73	1.0
0.73	1.0
0.73	1.01
0.73	1.01
0.73	1.01
0.73	1.02
0.73	1.02
0.73	1.02
0.73	1.03
0.73	1.03
0.73	1.03
0.73	1.04
0.73	1.04
0.73	1.04
0.73	1.05
0.73	1.05
0.73	1.05
0.73	1.05
0.73	1.06
0.73	1.06
0.73	1.06
0.73	1.06
0.73	1.07
0.73	1.07
0.73	1.07
0.73	1.07
0.73	1.07
0.73	1.07
0.73	1.08
0.73	1.08
0.73	1.08
0.73	1.08
0.73	1.08
0.73	1.08
0.73	1.08
0.73	1.08
0.73	1.08
0.73	1.08
0.73	1.08
0.73	1.08
0.73	1.08
0.73	1.08
0.73	1.08
0.73	1.08
0.73	1.08
0.73	1.08
0.73	1.08
0.73	1.08
0.73	1.08
0.73	1.08
0.73	1.08
0.73	1.08
0.72	1.08
0.72	1.07
0.72	1.07
0.72	1.07
0.72	1.07
0.72	1.07
0.71	1.07
0.71	1.06
0.71	1.06
0.71	1.06
0.71	1.06
0.7	1.05
0.7	1.05
0.7	1.05
0.7	1.05
0.69	1.04
0.69	1.04
0.69	1.04
0.68	1.03
0.68	1.03
0.68	1.03
0.67	1.02
0.67	1.02
0.67	1.02
0.66	1.01
0.66	1.01
0.65	1.0
0.65	1.0
0.65	1.0
0.64	0.99
0.64	0.99
0.63	0.98
0.63	0.98
0.62	0.97
0.62	0.97
0.61	0.96
0.61	0.96
0.6	0.95
0.6	0.95
0.59	0.94
0.59	0.94
0.58	0.93
0.58	0.93
0.57	0.92
0.56	0.91
0.56	0.91
0.55	0.9
0.55	0.9
0.54	0.89
0.53	0.88
0.53	0.88
0.52	0.87
0.51	0.86
0.51	0.86
0.5	0.85
0.49	0.84
0.49	0.84
0.48	0.83
0.47	0.82
0.46	0.82
0.46	0.81
0.45	0.8
0.44	0.79
0.43	0.79
0.43	0.78
0.42	0.77
0.41	0.76
0.4	0.75
0.39	0.75
0.39	0.74
0.38	0.73
0.37	0.72
0.36	0.71
0.35	0.7
0.34	0.7
0.34	0.69
0.33	0.68
0.32	0.67
0.31	0.66
0.3	0.65
0.29	0.64
0.28	0.63
0.27	0.62
0.26	0.62
0.25	0.61
0.25	0.6
0.24	0.59
0.23	0.58
0.22	0.57
0.21	0.56
0.2	0.55
0.19	0.54
0.18	0.53
0.17	0.52
0.16	0.51
0.15	0.5
0.14	0.49
0.13	0.48
0.12	0.47
0.11	0.46
0.1	0.45
0.09	0.44
0.08	0.43
0.07	0.42
0.06	0.41
0.04	0.4
0.03	0.39
0.02	0.37
0.01	0.36
0.0	0.35
-0.01	0.34
-0.02	0.33
-0.03	0.32
-0.04	0.31
-0.05	0.3
-0.06	0.29
-0.07	0.28
-0.09	0.27
-0.1	0.25
-0.11	0.24
-0.12	0.23
-0.13	0.22
-0.14	0.21
-0.15	0.2
-0.16	0.19
-0.18	0.18
-0.19	0.16
-0.2	0.15
-0.21	0.14
-0.22	0.13
-0.23	0.12
-0.24	0.11
-0.26	0.09
-0.27	0.08
-0.28	0.07
-0.29	0.06
-0.3	0.05
-0.31	0.04
-0.33	0.03
-0.34	0.01
-0.35	0.0
-0.36	-0.01
-0.37	-0.02
-0.38	-0.03
-0.4	-0.05
-0.41	-0.06
-0.42	-0.07
-0.43	-0.08
-0.44	-0.09
-0.45	-0.1
-0.47	-0.12
-0.48	-0.13
-0.49	-0.14
-0.5	-0.15
-0.51	-0.16
-0.53	-0.17
-0.54	-0.19
-0.55	-0.2
-0.56	-0.21
-0.57	-0.22
-0.58	-0.23
-0.6	-0.24
-0.61	-0.26
-0.62	-0.27
-0.63	-0.28
-0.64	-0.29
-0.65	-0.3
-0.67	-0.31
-0.68	-0.33
-0.69	-0.34
-0.7	-0.35
-0.71	-0.36
-0.72	-0.37
-0.73	-0.38
-0.73	-0.4
-0.73	-0.41
-0.73	-0.42
-0.74	-0.43
-0.74	-0.44
-0.74	-0.45
-0.74	-0.46
-0.74	-0.47
-0.74	-0.49
-0.74	-0.5
-0.74	-0.51
-0.74	-0.52
-0.74	-0.53
-0.74	-0.54
-0.74	-0.55
-0.74	-0.56
-0.74	-0.57
-0.75	-0.58
-0.75	-0.6
-0.75	-0.61
-0.75	-0.62
-0.75	-0.63
-0.75	-0.64
-0.75	-0.65
-0.75	-0.66
-0.75	-0.67
-0.75	-0.68
-0.75	-0.69
-0.75	-0.7
-0.75	-0.71
-0.75	-0.72
-0.75	-0.73
-0.76	-0.74
-0.76	-0.75
-0.76	-0.76
-0.76	-0.77
-0.76	-0.78
-0.76	-0.79
-0.76	-0.8
-0.76	-0.81
-0.76	-0.82
-0.76	-0.83
-0.76	-0.84
-0.76	-0.85
-0.76	-0.85
-0.76	-0.86
-0.76	-0.87
-0.76	-0.88
-0.77	-0.89
-0.77	-0.9
-0.77	-0.91
-0.77	-0.92
-0.77	-0.92
-0.77	-0.93
-0.77	-0.94
-0.77	-0.95
-0.77	-0.96
-0.77	-0.97
-0.77	-0.97
-0.77	-0.98
-0.77	-0.99
-0.77	-1.0
-0.77	-1.0
-0.77	-1.01
-0.77	-1.02
-0.77	-1.03
-0.78	-1.03
-0.78	-1.04
-0.78	-1.05
-0.78	-1.06
-0.78	-1.06
-0.78	-1.07
-0.78	-1.08
-0.78	-1.08
-0.78	-1.09
-0.78	-1.09
-0.78	-1.1
-0.78	-1.11
-0.78	-1.11
-0.78	-1.12
-0.78	-1.12
-0.78	-1.13
-0.78	-1.14
-0.78	-1.14
-0.78	-1.15
-0.78	-1.15
-0.78	-1.16
-0.78	-1.16
-0.78	-1.17
-0.78	-1.17
-0.78	-1.18
-0.78	-1.18
-0.79	-1.19
-0.79	-1.19
-0.79	-1.19
-0.79	-1.2
-0.79	-1.2
-0.79	-1.21
-0.79	-1.21
-0.79	-1.21
-0.79	-1.22
-0.79	-1.22
-0.79	-1.22
-0.79	-1.23
-0.79	-1.23
-0.79	-1.23
-0.79	-1.24
-0.79	-1.24
-0.79	-1.24
-0.79	-1.24
-0.79	-1.25
-0.79	-1.25
-0.79	-1.25
-0.79	-1.25
-0.79	-1.25
-0.79	-1.26
-0.79	-1.26
-0.79	-1.26
-0.79	-1.26
-0.79	-1.26
-0.79	-1.26
-0.79	-1.26
-0.79	-1.26
-0.79	-1.27
-0.79	-1.27
-0.79	-1.27
-0.79	-1.27
-0.79	-1.27
-0.79	-1.27
-0.79	-1.27
-0.79	-1.27
-0.79	-1.27
-0.79	-1.27
-0.79	-1.27
-0.79	-1.27
-0.79	-1.26
-0.79	-1.26
-0.79	-1.26
-0.78	-1.26
-0.78	-1.26
-0.78	-1.26
-0.78	-1.26
-0.78	-1.26
-0.78	-1.25
-0.77	-1.25
-0.77	-1.25
-0.77	-1.25
-0.77	-1.24
-0.77	-1.24
-0.76	-1.24
-0.76	-1.24
-0.76	-1.23
-0.75	-1.23
-0.75	-1.23
-0.75	-1.22
-0.74	-1.22
-0.74	-1.22
-0.74	-1.21
-0.73	-1.21
-0.73	-1.21
-0.73	-1.2
-0.72	-1.2
-0.72	-1.19
-0.71	-1.19
-0.71	-1.19
-0.7	-1.18
-0.7	-1.18
-0.69	-1.17
-0.69	-1.17
-0.68	-1.16
-0.68	-1.16
-0.67	-1.15
-0.67	-1.15
-0.66	-1.14
-0.66	-1.13
-0.65	-1.13
-0.65	-1.12
-0.64	-1.12
-0.63	-1.11
-0.63	-1.1
-0.62	-1.1
-0.61	-1.09
-0.61	-1.08
-0.6	-1.08
-0.59	-1.07
-0.59	-1.06
-0.58	-1.06
-0.57	-1.05
-0.57	-1.04
-0.56	-1.04
-0.55	-1.03
-0.54	-1.02
-0.54	-1.01
-0.53	-1.0
-0.52	-1.0
-0.51	-0.99
-0.5	-0.98
-0.5	-0.97
-0.49	-0.96
-0.48	-0.95
-0.47	-0.95
-0.46	-0.94
-0.45	-0.93
-0.44	-0.92
-0.43	-0.91
-0.43	-0.9
-0.42	-0.89
-0.41	-0.88
-0.4	-0.87
-0.39	-0.86
-0.38	-0.85
-0.37	-0.85
-0.36	-0.84
-0.35	-0.83
-0.34	-0.82
-0.33	-0.81
-0.32	-0.8
-0.31	-0.78
-0.3	-0.77
-0.29	-0.76
-0.28	-0.75
-0.27	-0.74
-0.26	-0.73
-0.24	-0.72
-0.23	-0.71
-0.22	-0.7
-0.21	-0.69
-0.2	-0.68
-0.19	-0.67
-0.18	-0.66
-0.17	-0.64
-0.16	-0.63
-0.14	-0.62
-0.13	-0.61
-0.12	-0.6
-0.11	-0.59
-0.1	-0.57
-0.09	-0.56
-0.07	-0.55
-0.06	-0.54
-0.05	-0.53
-0.04	-0.51
-0.03	-0.5
-0.01	-0.49
-0.0	-0.48
0.01	-0.47
0.02	-0.45
0.04	-0.44
0.05	-0.43
0.06	-0.42
0.07	-0.4
0.09	-0.39
0.1	-0.38
0.11	-0.36
0.13	-0.35
0.14	-0.34
0.15	-0.33
0.16	-0.31
0.18	-0.3
0.19	-0.29
0.2	-0.27
0.22	-0.26
0.23	-0.25
0.24	-0.23
0.26	-0.22
0.27	-0.21
0.28	-0.19
0.3	-0.18
0.31	-0.17
0.32	-0.15
0.34	-0.14
0.35	-0.13
0.36	-0.11
0.38	-0.1
0.39	-0.09
0.4	-0.07
0.42	-0.06
0.43	-0.05
0.45	-0.03
0.46	-0.02
0.47	-0.0
0.49	0.01
0.5	0.02
0.51	0.04
0.53	0.05
0.54	0.06
0.55	0.08
0.57	0.09
0.58	0.11
0.6	0.12
0.61	0.13
0.62	0.15
0.64	0.16
0.65	0.17
0.66	0.19
0.68	0.2
0.69	0.22
0.71	0.23
0.72	0.24
0.73	0.26
0.75	0.27
0.76	0.28
0.77	0.3
0.79	0.31
0.79	0.33
0.79	0.34
0.79	0.35
0.79	0.37
0.79	0.38
0.8	0.39
0.8	0.41
0.8	0.42
0.8	0.43
0.8	0.45
0.8	0.46
0.8	0.47
0.8	0.49
0.8	0.5
0.8	0.51
0.8	0.53
0.81	0.54
0.81	0.55
0.81	0.57
0.81	0.58
0.81	0.59
0.81	0.6
0.81	0.62
0.81	0.63
0.81	0.64
0.81	0.66
0.81	0.67
0.81	0.68
0.82	0.69
0.82	0.71
0.82	0.72
0.82	0.73
0.82	0.74
0.82	0.76
0.82	0.77
0.82	0.78
0.82	0.79
0.82	0.8
0.82	0.82
0.82	0.83
0.83	0.84
0.83	0.85
0.83	0.86
0.83	0.88
0.83	0.89
0.83	0.9
0.83	0.91
0.83	0.92
0.83	0.93
0.83	0.94
0.83	0.95
0.83	0.97
0.83	0.98
0.83	0.99
0.84	1.0
0.84	1.01
0.84	1.02
0.84	1.03
0.84	1.04
0.84	1.05
0.84	1.06
0.84	1.07
0.84	1.08
0.84	1.09
0.84	1.1
0.84	1.11
0.84	1.12
0.84	1.13
0.84	1.14
0.85	1.15
0.85	1.16
0.85	1.16
0.85	1.17
0.85	1.18
0.85	1.19
0.85	1.2
0.85	1.21
0.85	1.22
0.85	1.23
0.85	1.23
0.85	1.24
0.85	1.25
0.85	1.26
0.85	1.26
0.85	1.27
0.85	1.28
0.85	1.29
0.86	1.29
0.86	1.3
0.86	1.31
0.86	1.31
0.86	1.32
0.86	1.33
0.86	1.33
0.86	1.34
0.86	1.35
0.86	1.35
0.86	1.36
0.86	1.36
0.86	1.37
0.86	1.38
0.86	1.38
0.86	1.39
0.86	1.39
0.86	1.4
0.86	1.4
0.86	1.41
0.86	1.41
0.86	1.42
0.86	1.42
0.86	1.42
0.86	1.43
0.86	1.43
0.86	1.44
0.86	1.44
0.87	1.44
0.87	1.45
0.87	1.45
0.87	1.45
0.87	1.46
0.87	1.46
0.87	1.46
0.87	1.46
0.87	1.47
0.87	1.47
0.87	1.47
0.87	1.47
0.87	1.47
0.87	1.47
0.87	1.48
0.87	1.48
0.87	1.48
0.87	1.48
0.87	1.48
0.87	1.48
0.87	1.48
0.87	1.48
0.87	1.48
0.87	1.48
0.87	1.48
0.87	1.48
0.87	1.48
0.87	1.48
0.87	1.48
0.87	1.48
0.86	1.48
0.86	1.48
0.86	1.48
0.86	1.48
0.86	1.47
0.86	1.47
0.86	1.47
0.85	1.47
0.85	1.47
0.85	1.46
0.85	1.46
0.84	1.46
0.84	1.46
0.84	1.45
0.84	1.45
0.83	1.45
0.83	1.44
0.83	1.44
0.82	1.44
0.82	1.43
0.81	1.43
0.81	1.43
0.81	1.42
0.8	1.42
0.8	1.41
0.79	1.41
0.79	1.4
0.78	1.4
0.78	1.39
0.77	1.39
0.77	1.38
0.76	1.38
0.76	1.37
0.75	1.37
0.75	1.36
0.74	1.35
0.73	1.35
0.73	1.34
0.72	1.34
0.71	1.33
0.71	1.32
0.7	1.31
0.69	1.31
0.69	1.3
0.68	1.29
0.67	1.29
0.66	1.28
0.66	1.27
0.65	1.26
0.64	1.25
0.63	1.25
0.62	1.24
0.61	1.23
0.61	1.22
0.6	1.21
0.59	1.2
0.58	1.19
0.57	1.19
0.56	1.18
0.55	1.17
0.54	1.16
0.53	1.15
0.52	1.14
0.51	1.13
0.5	1.12
0.49	1.11
0.48	1.1
0.47	1.09
0.46	1.08
0.45	1.07
0.44	1.06
0.43	1.05
0.42	1.04
0.41	1.02
0.4	1.01
0.39	1.0
0.38	0.99
0.36	0.98
0.35	0.97
0.34	0.96
0.33	0.94
0.32	0.93
0.31	0.92
0.29	0.91
0.28	0.9
0.27	0.88
0.26	0.87
0.24	0.86
0.23	0.85
0.22	0.83
0.21	0.82
0.19	0.81
0.18	0.79
0.17	0.78
0.15	0.77
0.14	0.76
0.13	0.74
0.11	0.73
0.1	0.72
0.09	0.7
0.07	0.69
0.06	0.67
0.05	0.66
0.03	0.65
0.02	0.63
0.0	0.62
-0.01	0.6
-0.03	0.59
-0.04	0.58
-0.05	0.56
-0.07	0.55
-0.08	0.53
-0.1	0.52
-0.11	0.5
-0.13	0.49
-0.14	0.47
-0.16	0.46
-0.17	0.44
-0.19	0.43
-0.2	0.41
-0.22	0.4
-0.23	0.38
-0.25	0.37
-0.26	0.35
-0.28	0.34
-0.29	0.32
-0.31	0.31
-0.32	0.29
-0.34	0.28
-0.35	0.26
-0.37	0.25
-0.39	0.23
-0.4	0.21
-0.42	0.2
-0.43	0.18
-0.45	0.17
-0.46	0.15
-0.48	0.14
-0.5	0.12
-0.51	0.1
-0.53	0.09
-0.54	0.07
-0.56	0.06
-0.58	0.04
-0.59	0.02
-0.61	0.01
-0.62	-0.01
-0.64	-0.02
-0.66	-0.04
-0.67	-0.06
-0.69	-0.07
-0.7	-0.09
-0.72	-0.1
-0.74	-0.12
-0.75	-0.14
-0.77	-0.15
-0.78	-0.17
-0.8	-0.19
-0.82	-0.2
-0.83	-0.22
-0.85	-0.23
-0.86	-0.25
-0.87	-0.27
-0.87	-0.28
-0.87	-0.3
-0.87	-0.31
-0.87	-0.33
-0.87	-0.35
-0.87	-0.36
-0.88	-0.38
-0.88	-0.39
-0.88	-0.41
-0.88	-0.43
-0.88	-0.44
-0.88	-0.46
-0.88	-0.47
-0.88	-0.49
-0.88	-0.5
-0.89	-0.52
-0.89	-0.54
-0.89	-0.55
-0.89	-0.57
-0.89	-0.58
-0.89	-0.6
-0.89	-0.61
-0.89	-0.63
-0.89	-0.64
-0.89	-0.66
-0.9	-0.68
-0.9	-0.69
-0.9	-0.71
-0.9	-0.72
-0.9	-0.74
-0.9	-0.75
-0.9	-0.77
-0.9	-0.78
-0.9	-0.8
-0.9	-0.81
-0.91	-0.82
-0.91	-0.84
-0.91	-0.85
-0.91	-0.87
-0.91	-0.88
-0.91	-0.9
-0.91	-0.91
-0.91	-0.93
-0.91	-0.94
-0.91	-0.95
-0.91	-0.97
-0.92	-0.98
-0.92	-0.99
-0.92	-1.01
-0.92	-1.02
-0.92	-1.04
-0.92	-1.05
-0.92	-1.06
-0.92	-1.08
-0.92	-1.09
-0.92	-1.1
-0.92	-1.11
-0.93	-1.13
-0.93	-1.14
-0.93	-1.15
-0.93	-1.17
-0.93	-1.18
-0.93	-1.19
-0.93	-1.2
-0.93	-1.21
-0.93	-1.23
-0.93	-1.24
-0.93	-1.25
-0.93	-1.26
-0.94	-1.27
-0.94	-1.28
-0.94	-1.3
-0.94	-1.31
-0.94	-1.32
-0.94	-1.33
-0.94	-1.34
-0.94	-1.35
-0.94	-1.36
-0.94	-1.37
-0.94	-1.38
-0.94	-1.39
-0.94	-1.4
-0.94	-1.41
-0.94	-1.42
-0.95	-1.43
-0.95	-1.44
-0.95	-1.45
-0.95	-1.46
-0.95	-1.47
-0.95	-1.48
-0.95	-1.49
-0.95	-1.5
-0.95	-1.5
-0.95	-1.51
-0.95	-1.52
-0.95	-1.53
-0.95	-1.54
-0.95	-1.55
-0.95	-1.55
-0.95	-1.56
-0.95	-1.57
-0.96	-1.57
-0.96	-1.58
-0.96	-1.59
-0.96	-1.6
-0.96	-1.6
-0.96	-1.61
-0.96	-1.62
-0.96	-1.62
-0.96	-1.63
-0.96	-1.63
-0.96	-1.64
-0.96	-1.64
-0.96	-1.65
-0.96	-1.66
-0.96	-1.66
-0.96	-1.67
-0.96	-1.67
-0.96	-1.67
-0.96	-1.68
-0.96	-1.68
-0.96	-1.69
-0.96	-1.69
-0.96	-1.7
-0.96	-1.7
-0.96	-1.7
-0.96	-1.71
-0.96	-1.71
-0.96	-1.71
-0.96	-1.71
-0.96	-1.72
-0.96	-1.72
-0.96	-1.72
-0.96	-1.72
-0.96	-1.73
-0.97	-1.73
-0.97	-1.73
-0.97	-1.73
-0.97	-1.73
-0.97	-1.73
-0.97	-1.73
-0.97	-1.73
-0.97	-1.73
-0.97	-1.73
-0.97	-1.74
-0.97	-1.74
-0.97	-1.73
-0.97	-1.73
-0.96	-1.73
-0.96	-1.73
-0.96	-1.73
-0.96	-1.73
-0.96	-1.73
-0.96	-1.73
-0.96	-1.73
-0.96	-1.73
-0.95	-1.72
-0.95	-1.72
-0.95	-1.72
-0.95	-1.72
-0.94	-1.71
-0.94	-1.71
-0.94	-1.71
-0.94	-1.71
-0.93	-1.7
-0.93	-1.7
-0.93	-1.69
-0.92	-1.69
-0.92	-1.69
-0.91	-1.68
-0.91	-1.68
-0.9	-1.67
-0.9	-1.67
-0.9	-1.66
-0.89	-1.66
-0.88	-1.65
-0.88	-1.65
-0.87	-1.64
-0.87	-1.64
-0.86	-1.63
-0.86	-1.63
-0.85	-1.62
-0.84	-1.61
-0.84	-1.61
-0.83	-1.6
-0.82	-1.59
-0.82	-1.59
-0.81	-1.58
-0.8	-1.57
-0.79	-1.56
-0.79	-1.56
-0.78	-1.55
-0.77	-1.54
-0.76	-1.53
-0.75	-1.52
-0.75	-1.51
-0.74	-1.51
-0.73	-1.5
-0.72	-1.49
-0.71	-1.48
-0.7	-1.47
-0.69	-1.46
-0.68	-1.45
-0.67	-1.44
-0.66	-1.43
-0.65	-1.42
-0.64	-1.41
-0.63	-1.4
-0.62	-1.39
-0.61	-1.38
-0.6	-1.37
-0.59	-1.36
-0.58	-1.35
-0.56	-1.33
-0.55	-1.32
-0.54	-1.31
-0.53	-1.3
-0.52	-1.29
-0.51	-1.28
-0.49	-1.26
-0.48	-1.25
-0.47	-1.24
-0.46	-1.23
-0.44	-1.21
-0.43	-1.2
-0.42	-1.19
-0.41	-1.17
-0.39	-1.16
-0.38	-1.15
-0.36	-1.13
-0.35	-1.12
-0.34	-1.11
-0.32	-1.09
-0.31	-1.08
-0.3	-1.06
-0.28	-1.05
-0.27	-1.04
-0.25	-1.02
-0.24	-1.01
-0.22	-0.99
-0.21	-0.98
-0.19	-0.96
-0.18	-0.95
-0.16	-0.93
-0.15	-0.92
-0.13	-0.9
-0.12	-0.89
-0.1	-0.87
-0.09	-0.86
-0.07	-0.84
-0.05	-0.82
-0.04	-0.81
-0.02	-0.79
-0.01	-0.78
0.01	-0.76
0.03	-0.74
0.04	-0.73
0.06	-0.71
0.08	-0.69
0.09	-0.68
0.11	-0.66
0.13	-0.64
0.14	-0.63
0.16	-0.61
0.18	-0.59
0.2	-0.57
0.21	-0.56
0.23	-0.54
0.25	-0.52
0.26	-0.5
0.28	-0.49
0.3	-0.47
0.32	-0.45
0.34	-0.43
0.35	-0.42
0.37	-0.4
0.39	-0.38
0.41	-0.36
0.43	-0.34
0.44	-0.33
0.46	-0.31
0.48	-0.29
0.5	-0.27
0.52	-0.25
0.53	-0.23
0.55	-0.22
0.57	-0.2
0.59	-0.18
0.61	-0.16
0.63	-0.14
0.65	-0.12
0.66	-0.11
0.68	-0.09
0.7	-0.07
0.72	-0.05
0.74	-0.03
0.76	-0.01
0.78	0.01
0.79	0.03
0.81	0.04
0.83	0.06
0.85	0.08
0.87	0.1
0.89	0.12
0.91	0.14
0.93	0.16
0.95	0.18
0.96	0.19
0.97	0.21
0.97	0.23
0.97	0.25
0.97	0.27
0.97	0.29
0.97	0.31
0.97	0.33
0.98	0.35
0.98	0.36
0.98	0.38
0.98	0.4
0.98	0.42
0.98	0.44
0.98	0.46
0.98	0.48
0.99	0.49
0.99	0.51
0.99	0.53
0.99	0.55
0.99	0.57
0.99	0.59
0.99	0.61
0.99	0.62
1.0	0.64
1.0	0.66
1.0	0.68
1.0	0.7
1.0	0.72
1.0	0.73
1.0	0.75
1.0	0.77
1.0	0.79
1.01	0.8
1.01	0.82
1.01	0.84
1.01	0.86
1.01	0.88
1.01	0.89
1.01	0.91
1.01	0.93
1.02	0.94
1.02	0.96
1.02	0.98
1.02	1.0
1.02	1.01
1.02	1.03
1.02	1.05
1.02	1.06
1.02	1.08
1.03	1.1
1.03	1.11
1.03	1.13
1.03	1.15
1.03	1.16
1.03	1.18
1.03	1.19
1.03	1.21
1.03	1.23
1.03	1.24
1.04	1.26
1.04	1.27
1.04	1.29
1.04	1.3
1.04	1.32
1.04	1.33
1.04	1.35
1.04	1.36
1.04	1.38
1.04	1.39
1.05	1.4
1.05	1.42
1.05	1.43
1.05	1.45
1.05	1.46
1.05	1.47
1.05	1.49
1.05	1.5
1.05	1.51
1.05	1.53
1.05	1.54
1.06	1.55
1.06	1.57
1.06	1.58
1.06	1.59
1.06	1.6
1.06	1.62
1.06	1.63
1.06	1.64
1.06	1.65
1.06	1.66
1.06	1.67
1.06	1.68
1.06	1.7
1.07	1.71
1.07	1.72
1.07	1.73
1.07	1.74
1.07	1.75
1.07	1.76
1.07	1.77
1.07	1.78
1.07	1.79
1.07	1.8
1.07	1.81
1.07	1.82
1.07	1.82
1.07	1.83
1.07	1.84
1.07	1.85
1.08	1.86
1.08	1.87
1.08	1.87
1.08	1.88
1.08	1.89
1.08	1.9
1.08	1.9
1.08	1.91
1.08	1.92
1.08	1.92
1.08	1.93
1.08	1.94
1.08	1.94
1.08	1.95
1.08	1.95
1.08	1.96
1.08	1.96
1.08	1.97
1.08	1.97
1.08	1.98
1.08	1.98
1.08	1.99
1.08	1.99
1.08	1.99
1.08	2.0
1.08	2.0
1.09	2.01
1.09	2.01
1.09	2.01
1.09	2.01
1.09	2.02
1.09	2.02
1.09	2.02
1.09	2.02
1.09	2.02
1.09	2.03
1.09	2.03
1.09	2.03
1.09	2.03
1.09	2.03
1.09	2.03
1.09	2.03
1.09	2.03
1.09	2.03
1.09	2.03
1.09	2.03
1.08	2.03
1.08	2.03
1.08	2.03
1.08	2.02
1.08	2.02
1.08	2.02
1.08	2.02
1.07	2.02
1.07	2.01
1.07	2.01
1.07	2.01
1.06	2.01
1.06	2.0
1.06	2.0
1.05	2.0
1.05	1.99
1.04	1.99
1.04	1.98
1.04	1.98
1.03	1.97
1.03	1.97
1.02	1.96
1.02	1.96
1.01	1.95
1.01	1.95
1.0	1.94
0.99	1.94
0.99	1.93
0.98	1.92
0.97	1.92
0.97	1.91
0.96	1.9
0.95	1.9
0.95	1.89
0.94	1.88
0.93	1.87
0.92	1.87
0.91	1.86
0.9	1.85
0.9	1.84
0.89	1.83
0.88	1.82
0.87	1.81
0.86	1.8
0.85	1.79
0.84	1.78
0.83	1.77
0.82	1.76
0.81	1.75
0.8	1.74
0.79	1.73
0.78	1.72
0.77	1.71
0.76	1.7
0.74	1.69
0.73	1.68
0.72	1.66
0.71	1.65
0.7	1.64
0.68	1.63
0.67	1.62
0.66	1.6
0.65	1.59
0.63	1.58
0.62	1.56
0.61	1.55
0.59	1.54
0.58	1.52
0.57	1.51
0.55	1.49
0.54	1.48
0.52	1.47
0.51	1.45
0.49	1.44
0.48	1.42
0.46	1.41
0.45	1.39
0.43	1.38
0.42	1.36
0.4	1.35
0.39	1.33
0.37	1.31
0.35	1.3
0.34	1.28
0.32	1.27
0.31	1.25
0.29	1.23
0.27	1.22
0.25	1.2
0.24	1.18
0.22	1.16
0.2	1.15
0.19	1.13
0.17	1.11
0.15	1.09
0.13	1.08
0.11	1.06
0.1	1.04
0.08	1.02
0.06	1.0
0.04	0.99
0.02	0.97
0.0	0.95
-0.01	0.93
-0.03	0.91
-0.05	0.89
-0.07	0.87
-0.09	0.85
-0.11	0.83
-0.13	0.81
-0.15	0.79
-0.17	0.77
-0.19	0.75
-0.21	0.73
-0.23	0.72
-0.25	0.69
-0.27	0.67
-0.29	0.65
-0.31	0.63
-0.33	0.61
-0.35	0.59
-0.37	0.57
-0.39	0.55
-0.41	0.53
-0.43	0.51
-0.45	0.49
-0.47	0.47
-0.5	0.45
-0.52	0.43
-0.54	0.41
-0.56	0.38
-0.58	0.36
-0.6	0.34
-0.62	0.32
-0.64	0.3
-0.67	0.28
-0.69	0.26
-0.71	0.24
-0.73	0.21
-0.75	0.19
-0.77	0.17
-0.79	0.15
-0.82	0.13
-0.84	0.1
-0.86	0.08
-0.88	0.06
-0.9	0.04
-0.93	0.02
-0.95	-0.0
-0.97	-0.03
-0.99	-0.05
-1.01	-0.07
-1.04	-0.09
-1.06	-0.11
-1.08	-0.14
-1.09	-0.16
-1.09	-0.18
-1.09	-0.2
-1.09	-0.22
-1.09	-0.25
-1.09	-0.27
-1.1	-0.29
-1.1	-0.31
-1.1	-0.33
-1.1	-0.36
-1.1	-0.38
-1.1	-0.4
-1.11	-0.42
-1.11	-0.44
-1.11	-0.47
-1.11	-0.49
-1.11	-0.51
-1.11	-0.53
-1.11	-0.55
-1.12	-0.58
-1.12	-0.6
-1.12	-0.62
-1.12	-0.64
-1.12	-0.66
-1.12	-0.68
-1.12	-0.71
-1.13	-0.73
-1.13	-0.75
-1.13	-0.77
-1.13	-0.79
-1.13	-0.81
-1.13	-0.83
-1.13	-0.85
-1.14	-0.88
-1.14	-0.9
-1.14	-0.92
-1.14	-0.94
-1.14	-0.96
-1.14	-0.98
-1.14	-1.0
-1.14	-1.02
-1.15	-1.04
-1.15	-1.06
-1.15	-1.08
-1.15	-1.1
-1.15	-1.12
-1.15	-1.14
-1.15	-1.16
-1.16	-1.18
-1.16	-1.2
-1.16	-1.22
-1.16	-1.24
-1.16	-1.26
-1.16	-1.28
-1.16	-1.3
-1.16	-1.32
-1.17	-1.34
-1.17	-1.36
-1.17	-1.38
-1.17	-1.39
-1.17	-1.41
-1.17	-1.43
-1.17	-1.45
-1.17	-1.47
-1.18	-1.48
-1.18	-1.5
-1.18	-1.52
-1.18	-1.54
-1.18	-1.56
-1.18	-1.57
-1.18	-1.59
-1.18	-1.61
-1.18	-1.62
-1.19	-1.64
-1.19	-1.66
-1.19	-1.67
-1.19	-1.69
-1.19	-1.71
-1.19	-1.72
-1.19	-1.74
-1.19	-1.75
-1.19	-1.77
-1.2	-1.79
-1.2	-1.8
-1.2	-1.82
-1.2	-1.83
-1.2	-1.84
-1.2	-1.86
-1.2	-1.87
-1.2	-1.89
-1.2	-1.9
-1.2	-1.92
-1.2	-1.93
-1.21	-1.94
-1.21	-1.96
-1.21	-1.97
-1.21	-1.98
-1.21	-2.0
-1.21	-2.01
-1.21	-2.02
-1.21	-2.03
-1.21	-2.04
-1.21	-2.06
-1.21	-2.07
-1.21	-2.08
-1.22	-2.09
-1.22	-2.1
-1.22	-2.11
-1.22	-2.12
-1.22	-2.13
-1.22	-2.14
-1.22	-2.15
-1.22	-2.16
-1.22	-2.17
-1.22	-2.18
-1.22	-2.19
-1.22	-2.2
-1.22	-2.21
-1.22	-2.22
-1.22	-2.23
-1.22	-2.23
-1.23	-2.24
-1.23	-2.25
-1.23	-2.26
-1.23	-2.26
-1.23	-2.27
-1.23	-2.28
-1.23	-2.28
-1.23	-2.29
-1.23	-2.3
-1.23	-2.3
-1.23	-2.31
-1.23	-2.31
-1.23	-2.32
-1.23	-2.32
-1.23	-2.33
-1.23	-2.33
-1.23	-2.34
-1.23	-2.34
-1.23	-2.35
-1.23	-2.35
-1.23	-2.35
-1.23	-2.36
-1.23	-2.36
-1.23	-2.36
-1.23	-2.36
-1.23	-2.37
-1.23	-2.37
-1.23	-2.37
-1.23	-2.37
-1.23	-2.37
-1.23	-2.37
-1.23	-2.37
-1.23	-2.38
-1.23	-2.38
-1.23	-2.38
-1.23	-2.38
-1.23	-2.37
-1.23	-2.37
-1.23	-2.37
-1.23	-2.37
-1.23	-2.37
-1.23	-2.37
-1.23	-2.37
-1.22	-2.37
-1.22	-2.36
-1.22	-2.36
-1.22	-2.36
-1.21	-2.35
-1.21	-2.35
-1.21	-2.35
-1.2	-2.34
-1.2	-2.34
-1.19	-2.34
-1.19	-2.33
-1.19	-2.33
-1.18	-2.32
-1.18	-2.32
-1.17	-2.31
-1.16	-2.31
-1.16	-2.3
-1.15	-2.29
-1.15	-2.29
-1.14	-2.28
-1.13	-2.27
-1.13	-2.27
-1.12	-2.26
-1.11	-2.25
-1.1	-2.24
-1.1	-2.24
-1.09	-2.23
-1.08	-2.22
-1.07	-2.21
-1.06	-2.2
-1.05	-2.19
-1.04	-2.18
-1.03	-2.17
-1.02	-2.16
-1.01	-2.15
-1.0	-2.14
-0.99	-2.13
-0.98	-2.12
-0.97	-2.11
-0.96	-2.1
-0.95	-2.09
-0.94	-2.08
-0.92	-2.07
-0.91	-2.05
-0.9	-2.04
-0.89	-2.03
-0.87	-2.02
-0.86	-2.0
-0.85	-1.99
-0.84	-1.98
-0.82	-1.96
-0.81	-1.95
-0.79	-1.94
-0.78	-1.92
-0.77	-1.91
-0.75	-1.89
-0.74	-1.88
-0.72	-1.86
-0.71	-1.85
-0.69	-1.83
-0.67	-1.82
-0.66	-1.8
-0.64	-1.78
-0.63	-1.77
-0.61	-1.75
-0.59	-1.74
-0.58	-1.72
-0.56	-1.7
-0.54	-1.68
-0.53	-1.67
-0.51	-1.65
-0.49	-1.63
-0.47	-1.61
-0.45	-1.6
-0.44	-1.58
-0.42	-1.56
-0.4	-1.54
-0.38	-1.52
-0.36	-1.5
-0.34	-1.48
-0.32	-1.46
-0.3	-1.44
-0.28	-1.43
-0.26	-1.41
-0.24	-1.39
-0.22	-1.37
-0.2	-1.35
-0.18	-1.32
-0.16	-1.3
-0.14	-1.28
-0.12	-1.26
-0.1	-1.24
-0.08	-1.22
-0.06	-1.2
-0.04	-1.18
-0.01	-1.16
0.01	-1.13
0.03	-1.11
0.05	-1.09
0.07	-1.07
0.1	-1.05
0.12	-1.02
0.14	-1.0
0.16	-0.98
0.19	-0.96
0.21	-0.93
0.23	-0.91
0.25	-0.89
0.28	-0.86
0.3	-0.84
0.32	-0.82
0.35	-0.79
0.37	-0.77
0.4	-0.75
0.42	-0.72
0.44	-0.7
0.47	-0.67
0.49	-0.65
0.52	-0.63
0.54	-0.6
0.56	-0.58
0.59	-0.55
0.61	-0.53
0.64	-0.5
0.66	-0.48
0.69	-0.45
0.71	-0.43
0.74	-0.4
0.76	-0.38
0.79	-0.35
0.81	-0.33
0.84	-0.3
0.86	-0.28
0.89	-0.25
0.91	-0.23
0.94	-0.2
0.96	-0.18
0.99	-0.15
1.01	-0.13
1.04	-0.1
1.07	-0.08
1.09	-0.05
1.12	-0.02
1.14	0.0
1.17	0.03
1.19	0.05
1.22	0.08
1.23	0.1
1.24	0.13
1.24	0.16
1.24	0.18
1.24	0.21
1.24	0.23
1.25	0.26
1.25	0.28
1.25	0.31
1.25	0.34
1.25	0.36
1.25	0.39
1.26	0.41
1.26	0.44
1.26	0.46
1.26	0.49
1.26	0.52
1.26	0.54
1.27	0.57
1.27	0.59
1.27	0.62
1.27	0.64
1.27	0.67
1.27	0.69
1.28	0.72
1.28	0.75
1.28	0.77
1.28	0.8
1.28	0.82
1.28	0.85
1.29	0.87
1.29	0.9
1.29	0.92
1.29	0.95
1.29	0.97
1.29	1.0
1.3	1.02
1.3	1.05
1.3	1.07
1.3	1.09
1.3	1.12
1.3	1.14
1.31	1.17
1.31	1.19
1.31	1.21
1.31	1.24
1.31	1.26
1.31	1.29
1.31	1.31
1.32	1.33
1.32	1.36
1.32	1.38
1.32	1.4
1.32	1.43
1.32	1.45
1.33	1.47
1.33	1.49
1.33	1.52
1.33	1.54
1.33	1.56
1.33	1.58
1.33	1.61
1.34	1.63
1.34	1.65
1.34	1.67
1.34	1.69
1.34	1.71
1.34	1.73
1.34	1.76
1.35	1.78
1.35	1.8
1.35	1.82
1.35	1.84
1.35	1.86
1.35	1.88
1.35	1.9
1.35	1.92
1.36	1.94
1.36	1.96
1.36	1.97
1.36	1.99
1.36	2.01
1.36	2.03
1.36	2.05
1.36	2.07
1.37	2.09
1.37	2.1
1.37	2.12
1.37	2.14
1.37	2.16
1.37	2.17
1.37	2.19
1.37	2.21
1.37	2.22
1.38	2.24
1.38	2.26
1.38	2.27
1.38	2.29
1.38	2.3
1.38	2.32
1.38	2.33
1.38	2.35
1.38	2.36
1.38	2.38
1.39	2.39
1.39	2.4
1.39	2.42
1.39	2.43
1.39	2.44
1.39	2.46
1.39	2.47
1.39	2.48
1.39	2.49
1.39	2.51
1.39	2.52
1.4	2.53
1.4	2.54
1.4	2.55
1.4	2.56
1.4	2.57
1.4	2.58
1.4	2.59
1.4	2.6
1.4	2.61
1.4	2.62
1.4	2.63
1.4	2.64
1.4	2.65
1.4	2.66
1.4	2.66
1.4	2.67
1.4	2.68
1.41	2.69
1.41	2.69
1.41	2.7
1.41	2.71
1.41	2.71
1.41	2.72
1.41	2.72
1.41	2.73
1.41	2.73
1.41	2.74
1.41	2.74
1.41	2.75
1.41	2.75
1.41	2.76
1.41	2.76
1.41	2.76
1.41	2.77
1.41	2.77
1.41	2.77
1.41	2.77
1.41	2.77
1.41	2.78
1.41	2.78
1.41	2.78
1.41	2.78
1.41	2.78
1.41	2.78
1.41	2.78
1.41	2.78
1.41	2.78
1.41	2.78
1.41	2.78
1.41	2.77
1.4	2.77
1.4	2.77
1.4	2.77
1.4	2.77
1.39	2.76
1.39	2.76
1.39	2.76
1.38	2.75
1.38	2.75
1.38	2.74
1.37	2.74
1.37	2.73
1.36	2.73
1.36	2.72
1.35	2.72
1.34	2.71
1.34	2.71
1.33	2.7
1.32	2.69
1.32	2.69
1.31	2.68
1.3	2.67
1.29	2.66
1.29	2.65
1.28	2.65
1.27	2.64
1.26	2.63
1.25	2.62
1.24	2.61
1.23	2.6
1.22	2.59
1.21	2.58
1.2	2.57
1.19	2.56
1.18	2.55
1.17	2.53
1.15	2.52
1.14	2.51
1.13	2.5
1.12	2.49
1.11	2.47
1.09	2.46
1.08	2.45
1.07	2.43
1.05	2.42
1.04	2.41
1.02	2.39
1.01	2.38
0.99	2.36
0.98	2.35
0.96	2.33
0.95	2.32
0.93	2.3
0.92	2.28
0.9	2.27
0.88	2.25
0.87	2.23
0.85	2.22
0.83	2.2
0.81	2.18
0.8	2.16
0.78	2.15
0.76	2.13
0.74	2.11
0.72	2.09
0.7	2.07
0.68	2.05
0.67	2.03
0.65	2.01
0.63	1.99
0.61	1.97
0.59	1.95
0.57	1.93
0.54	1.91
0.52	1.89
0.5	1.87
0.48	1.85
0.46	1.83
0.44	1.81
0.42	1.78
0.39	1.76
0.37	1.74
0.35	1.72
0.33	1.69
0.3	1.67
0.28	1.65
0.26	1.62
0.23	1.6
0.21	1.58
0.19	1.55
0.16	1.53
0.14	1.51
0.11	1.48
0.09	1.46
0.06	1.43
0.04	1.41
0.01	1.38
-0.01	1.36
-0.04	1.33
-0.06	1.31
-0.09	1.28
-0.11	1.25
-0.14	1.23
-0.17	1.2
-0.19	1.18
-0.22	1.15
-0.25	1.12
-0.27	1.1
-0.3	1.07
-0.33	1.04
-0.35	1.01
-0.38	0.99
-0.41	0.96
-0.44	0.93
-0.46	0.91
-0.49	0.88
-0.52	0.85
-0.55	0.82
-0.57	0.79
-0.6	0.77
-0.63	0.74
-0.66	0.71
-0.69	0.68
-0.72	0.65
-0.75	0.62
-0.77	0.59
-0.8	0.57
-0.83	0.54
-0.86	0.51
-0.89	0.48
-0.92	0.45
-0.95	0.42
-0.98	0.39
-1.01	0.36
-1.04	0.33
-1.07	0.3
-1.1	0.27
-1.13	0.24
-1.16	0.21
-1.18	0.18
-1.21	0.15
-1.24	0.12
-1.27	0.09
-1.3	0.06
-1.33	0.03
-1.36	0.0
-1.39	-0.03
-1.41	-0.06
-1.41	-0.09
-1.42	-0.12
-1.42	-0.15
-1.42	-0.18
-1.42	-0.21
-1.42	-0.24
-1.43	-0.27
-1.43	-0.3
-1.43	-0.33
-1.43	-0.36
-1.43	-0.39
-1.44	-0.42
-1.44	-0.45
-1.44	-0.48
-1.44	-0.51
-1.44	-0.54
-1.45	-0.57
-1.45	-0.6
-1.45	-0.63
-1.45	-0.66
-1.45	-0.69
-1.46	-0.72
-1.46	-0.75
-1.46	-0.78
-1.46	-0.81
-1.46	-0.84
-1.47	-0.87
-1.47	-0.9
-1.47	-0.93
-1.47	-0.96
-1.47	-0.99
-1.48	-1.02
-1.48	-1.04
-1.48	-1.07
-1.48	-1.1
-1.48	-1.13
-1.49	-1.16
-1.49	-1.19
-1.49	-1.22
-1.49	-1.25
-1.49	-1.28
-1.49	-1.3
-1.5	-1.33
-1.5	-1.36
-1.5	-1.39
-1.5	-1.42
-1.5	-1.45
-1.51	-1.47
-1.51	-1.5
-1.51	-1.53
-1.51	-1.56
-1.51	-1.58
-1.52	-1.61
-1.52	-1.64
-1.52	-1.66
-1.52	-1.69
-1.52	-1.72
-1.52	-1.74
-1.53	-1.77
-1.53	-1.8
-1.53	-1.82
-1.53	-1.85
-1.53	-1.87
-1.53	-1.9
-1.54	-1.93
-1.54	-1.95
-1.54	-1.98
-1.54	-2.0
-1.54	-2.03
-1.54	-2.05
-1.55	-2.07
-1.55	-2.1
-1.55	-2.12
-1.55	-2.15
-1.55	-2.17
-1.55	-2.19
-1.56	-2.22
-1.56	-2.24
-1.56	-2.26
-1.56	-2.28
-1.56	-2.31
-1.56	-2.33
-1.56	-2.35
-1.57	-2.37
-1.57	-2.39
-1.57	-2.42
-1.57	-2.44
-1.57	-2.46
-1.57	-2.48
-1.57	-2.5
-1.58	-2.52
-1.58	-2.54
-1.58	-2.56
-1.58	-2.58
-1.58	-2.6
-1.58	-2.62
-1.58	-2.64
-1.58	-2.65
-1.59	-2.67
-1.59	-2.69
-1.59	-2.71
-1.59	-2.73
-1.59	-2.74
-1.59	-2.76
-1.59	-2.78
-1.59	-2.79
-1.59	-2.81
-1.6	-2.83
-1.6	-2.84
-1.6	-2.86
-1.6	-2.87
-1.6	-2.89
-1.6	-2.9
-1.6	-2.92
-1.6	-2.93
-1.6	-2.94
-1.6	-2.96
-1.6	-2.97
-1.61	-2.98
-1.61	-3.0
-1.61	-3.01
-1.61	-3.02
-1.61	-3.03
-1.61	-3.04
-1.61	-3.05
-1.61	-3.07
-1.61	-3.08
-1.61	-3.09
-1.61	-3.1
-1.61	-3.11
-1.61	-3.12
-1.62	-3.12
-1.62	-3.13
-1.62	-3.14
-1.62	-3.15
-1.62	-3.16
-1.62	-3.17
-1.62	-3.17
-1.62	-3.18
-1.62	-3.19
-1.62	-3.19
-1.62	-3.2
-1.62	-3.2
-1.62	-3.21
-1.62	-3.21
-1.62	-3.22
-1.62	-3.22
-1.62	-3.23
-1.62	-3.23
-1.62	-3.24
-1.62	-3.24
-1.62	-3.24
-1.62	-3.24
-1.62	-3.25
-1.62	-3.25
-1.62	-3.25
-1.62	-3.25
-1.62	-3.25
-1.62	-3.25
-1.62	-3.25
-1.62	-3.25
-1.62	-3.25
-1.62	-3.25
-1.62	-3.25
-1.62	-3.25
-1.62	-3.25
-1.62	-3.24
-1.61	-3.24
-1.61	-3.24
-1.61	-3.24
-1.6	-3.23
-1.6	-3.23
-1.6	-3.23
-1.59	-3.22
-1.59	-3.22
-1.58	-3.21
-1.58	-3.21
-1.57	-3.2
-1.57	-3.19
-1.56	-3.19
-1.55	-3.18
-1.55	-3.17
-1.54	-3.17
-1.53	-3.16
-1.52	-3.15
-1.51	-3.14
-1.51	-3.13
-1.5	-3.13
-1.49	-3.12
-1.48	-3.11
-1.47	-3.1
-1.46	-3.09
-1.45	-3.08
-1.44	-3.07
-1.43	-3.05
-1.41	-3.04
-1.4	-3.03
-1.39	-3.02
-1.38	-3.01
-1.37	-2.99
-1.35	-2.98
-1.34	-2.97
-1.33	-2.95
-1.31	-2.94
-1.3	-2.93
-1.28	-2.91
-1.27	-2.9
-1.25	-2.88
-1.24	-2.87
-1.22	-2.85
-1.2	-2.83
-1.19	-2.82
-1.17	-2.8
-1.15	-2.78
-1.14	-2.77
-1.12	-2.75
-1.1	-2.73
-1.08	-2.71
-1.06	-2.69
-1.05	-2.67
-1.03	-2.66
-1.01	-2.64
-0.99	-2.62
-0.97	-2.6
-0.95	-2.58
-0.93	-2.56
-0.91	-2.54
-0.89	-2.51
-0.86	-2.49
-0.84	-2.47
-0.82	-2.45
-0.8	-2.43
-0.78	-2.41
-0.75	-2.38
-0.73	-2.36
-0.71	-2.34
-0.68	-2.31
-0.66	-2.29
-0.64	-2.27
-0.61	-2.24
-0.59	-2.22
-0.56	-2.19
-0.54	-2.17
-0.51	-2.14
-0.49	-2.12
-0.46	-2.09
-0.44	-2.07
-0.41	-2.04
-0.38	-2.01
-0.36	-1.99
-0.33	-1.96
-0.3	-1.93
-0.28	-1.91
-0.25	-1.88
-0.22	-1.85
-0.19	-1.82
-0.17	-1.79
-0.14	-1.77
-0.11	-1.74
-0.08	-1.71
-0.05	-1.68
-0.02	-1.65
0.01	-1.62
0.04	-1.59
0.07	-1.56
0.1	-1.53
0.13	-1.5
0.16	-1.47
0.19	-1.44
0.22	-1.41
0.25	-1.38
0.28	-1.35
0.31	-1.32
0.34	-1.29
0.37	-1.26
0.4	-1.22
0.44	-1.19
0.47	-1.16
0.5	-1.13
0.53	-1.1
0.56	-1.06
0.6	-1.03
0.63	-1.0
0.66	-0.97
0.7	-0.93
0.73	-0.9
0.76	-0.87
0.79	-0.83
0.83	-0.8
0.86	-0.77
0.89	-0.73
0.93	-0.7
0.96	-0.67
1.0	-0.63
1.03	-0.6
1.06	-0.56
1.1	-0.53
1.13	-0.5
1.17	-0.46
1.2	-0.43
1.24	-0.39
1.27	-0.36
1.3	-0.32
1.34	-0.29
1.37	-0.25
1.41	-0.22
1.44	-0.18
1.48	-0.15
1.51	-0.11
1.55	-0.08
1.58	-0.04
1.62	-0.01
1.63	0.03
1.63	0.06
1.63	0.1
1.63	0.13
1.63	0.17
1.64	0.2
1.64	0.24
1.64	0.27
1.64	0.31
1.65	0.34
1.65	0.38
1.65	0.41
1.65	0.45
1.66	0.48
1.66	0.52
1.66	0.55
1.66	0.59
1.67	0.63
1.67	0.66
1.67	0.7
1.67	0.73
1.67	0.77
1.68	0.8
1.68	0.84
1.68	0.87
1.68	0.91
1.69	0.94
1.69	0.98
1.69	1.01
1.69	1.04
1.7	1.08
1.7	1.11
1.7	1.15
1.7	1.18
1.7	1.22
1.71	1.25
1.71	1.28
1.71	1.32
1.71	1.35
1.72	1.39
1.72	1.42
1.72	1.45
1.72	1.49
1.72	1.52
1.73	1.55
1.73	1.59
1.73	1.62
1.73	1.65
1.74	1.69
1.74	1.72
1.74	1.75
1.74	1.78
1.74	1.82
1.75	1.85
1.75	1.88
1.75	1.91
1.75	1.94
1.75	1.97
1.76	2.0
1.76	2.04
1.76	2.07
1.76	2.1
1.76	2.13
1.77	2.16
1.77	2.19
1.77	2.22
1.77	2.25
1.77	2.28
1.78	2.31
1.78	2.34
1.78	2.37
1.78	2.39
1.78	2.42
1.79	2.45
1.79	2.48
1.79	2.51
1.79	2.53
1.79	2.56
1.79	2.59
1.8	2.62
1.8	2.64
1.8	2.67
1.8	2.7
1.8	2.72
1.81	2.75
1.81	2.77
1.81	2.8
1.81	2.82
1.81	2.85
1.81	2.87
1.82	2.9
1.82	2.92
1.82	2.94
1.82	2.97
1.82	2.99
1.82	3.01
1.82	3.04
1.83	3.06
1.83	3.08
1.83	3.1
1.83	3.12
1.83	3.14
1.83	3.17
1.83	3.19
1.84	3.21
1.84	3.23
1.84	3.25
1.84	3.27
1.84	3.28
1.84	3.3
1.84	3.32
1.84	3.34
1.85	3.36
1.85	3.38
1.85	3.39
1.85	3.41
1.85	3.43
1.85	3.44
1.85	3.46
1.85	3.47
1.85	3.49
1.86	3.5
1.86	3.52
1.86	3.53
1.86	3.55
1.86	3.56
1.86	3.57
1.86	3.59
1.86	3.6
1.86	3.61
1.86	3.62
1.86	3.63
1.86	3.64
1.87	3.65
1.87	3.66
1.87	3.67
1.87	3.68
1.87	3.69
1.87	3.7
1.87	3.71
1.87	3.72
1.87	3.73
1.87	3.73
1.87	3.74
1.87	3.75
1.87	3.75
1.87	3.76
1.87	3.77
1.87	3.77
1.87	3.78
1.87	3.78
1.87	3.79
1.87	3.79
1.87	3.79
1.87	3.8
1.87	3.8
1.87	3.8
1.87	3.8
1.87	3.8
1.88	3.8
1.88	3.81
1.88	3.81
1.88	3.81
1.87	3.8
1.87	3.8
1.87	3.8
1.87	3.8
1.87	3.8
1.87	3.8
1.86	3.79
1.86	3.79
1.86	3.79
1.85	3.78
1.85	3.78
1.84	3.77
1.84	3.77
1.83	3.76
1.83	3.76
1.82	3.75
1.82	3.75
1.81	3.74
1.8	3.73
1.79	3.72
1.79	3.72
1.78	3.71
1.77	3.7
1.76	3.69
1.75	3.68
1.74	3.67
1.73	3.66
1.72	3.65
1.71	3.64
1.7	3.63
1.68	3.61
1.67	3.6
1.66	3.59
1.65	3.58
1.63	3.56
1.62	3.55
1.6	3.53
1.59	3.52
1.58	3.51
1.56	3.49
1.54	3.47
1.53	3.46
1.51	3.44
1.5	3.43
1.48	3.41
1.46	3.39
1.44	3.37
1.43	3.36
1.41	3.34
1.39	3.32
1.37	3.3
1.35	3.28
1.33	3.26
1.31	3.24
1.29	3.22
1.27	3.2
1.25	3.18
1.23	3.16
1.2	3.13
1.18	3.11
1.16	3.09
1.14	3.07
1.11	3.04
1.09	3.02
1.06	2.99
1.04	2.97
1.02	2.95
0.99	2.92
0.97	2.9
0.94	2.87
0.91	2.84
0.89	2.82
0.86	2.79
0.84	2.77
0.81	2.74
0.78	2.71
0.75	2.68
0.73	2.66
0.7	2.63
0.67	2.6
0.64	2.57
0.61	2.54
0.58	2.51
0.55	2.48
0.52	2.45
0.49	2.42
0.46	2.39
0.43	2.36
0.4	2.33
0.37	2.3
0.34	2.27
0.3	2.23
0.27	2.2
0.24	2.17
0.21	2.14
0.17	2.1
0.14	2.07
0.11	2.04
0.07	2.0
0.04	1.97
0.01	1.94
-0.03	1.9
-0.06	1.87
-0.1	1.83
-0.13	1.8
-0.17	1.76
-0.2	1.73
-0.24	1.69
-0.27	1.66
-0.31	1.62
-0.35	1.59
-0.38	1.55
-0.42	1.51
-0.45	1.48
-0.49	1.44
-0.53	1.4
-0.57	1.36
-0.6	1.33
-0.64	1.29
-0.68	1.25
-0.72	1.21
-0.76	1.18
-0.79	1.14
-0.83	1.1
-0.87	1.06
-0.91	1.02
-0.95	0.98
-0.99	0.94
-1.03	0.9
-1.07	0.87
-1.1	0.83
-1.14	0.79
-1.18	0.75
-1.22	0.71
-1.26	0.67
-1.3	0.63
-1.34	0.59
-1.38	0.55
-1.42	0.51
-1.46	0.47
-1.5	0.43
-1.54	0.39
-1.59	0.34
-1.63	0.3
-1.67	0.26
-1.71	0.22
-1.75	0.18
-1.79	0.14
-1.83	0.1
-1.87	0.06
-1.88	0.02
-1.88	-0.02
-1.88	-0.06
-1.89	-0.11
-1.89	-0.15
-1.89	-0.19
-1.89	-0.23
-1.9	-0.27
-1.9	-0.31
-1.9	-0.35
-1.9	-0.39
-1.91	-0.44
-1.91	-0.48
-1.91	-0.52
-1.92	-0.56
-1.92	-0.6
-1.92	-0.64
-1.92	-0.68
-1.93	-0.72
-1.93	-0.77
-1.93	-0.81
-1.93	-0.85
-1.94	-0.89
-1.94	-0.93
-1.94	-0.97
-1.95	-1.01
-1.95	-1.05
-1.95	-1.09
-1.95	-1.13
-1.96	-1.18
-1.96	-1.22
-1.96	-1.26
-1.96	-1.3
-1.97	-1.34
-1.97	-1.38
-1.97	-1.42
-1.98	-1.46
-1.98	-1.5
-1.98	-1.54
-1.98	-1.58
-1.99	-1.62
-1.99	-1.66
-1.99	-1.69
-1.99	-1.73
-2.0	-1.77
-2.0	-1.81
-2.0	-1.85
-2.0	-1.89
-2.01	-1.93
-2.01	-1.97
-2.01	-2.0
-2.01	-2.04
-2.02	-2.08
-2.02	-2.12
-2.02	-2.16
-2.02	-2.19
-2.03	-2.23
-2.03	-2.27
-2.03	-2.3
-2.03	-2.34
-2.04	-2.38
-2.04	-2.41
-2.04	-2.45
-2.04	-2.48
-2.05	-2.52
-2.05	-2.56
-2.05	-2.59
-2.05	-2.62
-2.05	-2.66
-2.06	-2.69
-2.06	-2.73
-2.06	-2.76
-2.06	-2.8
-2.07	-2.83
-2.07	-2.86
-2.07	-2.9
-2.07	-2.93
-2.07	-2.96
-2.08	-2.99
-2.08	-3.02
-2.08	-3.06
-2.08	-3.09
-2.08	-3.12
-2.09	-3.15
-2.09	-3.18
-2.09	-3.21
-2.09	-3.24
-2.09	-3.27
-2.1	-3.3
-2.1	-3.33
-2.1	-3.36
-2.1	-3.38
-2.1	-3.41
-2.11	-3.44
-2.11	-3.47
-2.11	-3.5
-2.11	-3.52
-2.11	-3.55
-2.11	-3.57
-2.12	-3.6
-2.12	-3.63
-2.12	-3.65
-2.12	-3.68
-2.12	-3.7
-2.12	-3.72
-2.13	-3.75
-2.13	-3.77
-2.13	-3.79
-2.13	-3.82
-2.13	-3.84
-2.13	-3.86
-2.14	-3.88
-2.14	-3.9
-2.14	-3.93
-2.14	-3.95
-2.14	-3.97
-2.14	-3.99
-2.14	-4.01
-2.14	-4.02
-2.15	-4.04
-2.15	-4.06
-2.15	-4.08
-2.15	-4.1
-2.15	-4.11
-2.15	-4.13
-2.15	-4.15
-2.15	-4.16
-2.15	-4.18
-2.16	-4.19
-2.16	-4.21
-2.16	-4.22
-2.16	-4.24
-2.16	-4.25
-2.16	-4.26
-2.16	-4.27
-2.16	-4.29
-2.16	-4.3
-2.16	-4.31
-2.16	-4.32
-2.16	-4.33
-2.17	-4.34
-2.17	-4.35
-2.17	-4.36
-2.17	-4.37
-2.17	-4.38
-2.17	-4.38
-2.17	-4.39
-2.17	-4.4
-2.17	-4.41
-2.17	-4.41
-2.17	-4.42
-2.17	-4.42
-2.17	-4.43
-2.17	-4.43
-2.17	-4.44
-2.17	-4.44
-2.17	-4.44
-2.17	-4.45
-2.17	-4.45
-2.17	-4.45
-2.17	-4.45
-2.17	-4.45
-2.17	-4.45
-2.17	-4.45
-2.17	-4.45
-2.17	-4.45
-2.17	-4.45
-2.17	-4.45
-2.17	-4.45
-2.16	-4.44
-2.16	-4.44
-2.16	-4.44
-2.15	-4.43
-2.15	-4.43
-2.14	-4.42
-2.14	-4.42
-2.13	-4.41
-2.13	-4.41
-2.12	-4.4
-2.11	-4.39
-2.1	-4.38
-2.1	-4.38
-2.09	-4.37
-2.08	-4.36
-2.07	-4.35
-2.06	-4.34
-2.05	-4.33
-2.04	-4.32
-2.03	-4.31
-2.02	-4.3
-2.0	-4.28
-1.99	-4.27
-1.98	-4.26
-1.96	-4.24
-1.95	-4.23
-1.94	-4.22
-1.92	-4.2
-1.91	-4.19
-1.89	-4.17
-1.88	-4.16
-1.86	-4.14
-1.84	-4.12
-1.82	-4.1
-1.81	-4.09
-1.79	-4.07
-1.77	-4.05
-1.75	-4.03
-1.73	-4.01
-1.71	-3.99
-1.69	-3.97
-1.67	-3.95
-1.65	-3.93
-1.63	-3.91
-1.61	-3.89
-1.58	-3.86
-1.56	-3.84
-1.54	-3.82
-1.51	-3.79
-1.49	-3.77
-1.47	-3.75
-1.44	-3.72
-1.42	-3.7
-1.39	-3.67
-1.36	-3.64
-1.34	-3.62
-1.31	-3.59
-1.28	-3.56
-1.26	-3.54
-1.23	-3.51
-1.2	-3.48
-1.17	-3.45
-1.14	-3.42
-1.11	-3.39
-1.08	-3.36
-1.05	-3.33
-1.02	-3.3
-0.99	-3.27
-0.96	-3.24
-0.93	-3.21
-0.9	-3.18
-0.87	-3.15
-0.83	-3.11
-0.8	-3.08
-0.77	-3.05
-0.73	-3.01
-0.7	-2.98
-0.66	-2.94
-0.63	-2.91
-0.59	-2.87
-0.56	-2.84
-0.52	-2.8
-0.49	-2.77
-0.45	-2.73
-0.41	-2.69
-0.38	-2.66
-0.34	-2.62
-0.3	-2.58
-0.27	-2.55
-0.23	-2.51
-0.19	-2.47
-0.15	-2.43
-0.11	-2.39
-0.07	-2.35
-0.03	-2.31
0.01	-2.27
0.05	-2.23
0.09	-2.19
0.13	-2.15
0.17	-2.11
0.21	-2.07
0.25	-2.03
0.29	-1.99
0.33	-1.95
0.38	-1.9
0.42	-1.86
0.46	-1.82
0.5	-1.78
0.55	-1.73
0.59	-1.69
0.63	-1.65
0.68	-1.6
0.72	-1.56
0.76	-1.52
0.81	-1.47
0.85	-1.43
0.9	-1.38
0.94	-1.34
0.99	-1.29
1.03	-1.25
1.08	-1.2
1.12	-1.16
1.17	-1.11
1.21	-1.07
1.26	-1.02
1.31	-0.97
1.35	-0.93
1.4	-0.88
1.45	-0.83
1.49	-0.79
1.54	-0.74
1.59	-0.69
1.63	-0.65
1.68	-0.6
1.73	-0.55
1.77	-0.51
1.82	-0.46
1.87	-0.41
1.92	-0.36
1.96	-0.32
2.01	-0.27
2.06	-0.22
2.11	-0.17
2.16	-0.12
2.17	-0.08
2.18	-0.03
