0.0	0.0
21.01	0.0
42.04	0.0
63.09	0.0
84.15	0.0
105.22	0.0
126.3	0.0
147.39	0.0
168.49	0.0
189.6	0.0
210.7	0.0
231.81	0.0
235.58	0.0
236.28	0.0
237.0	0.0
237.74	0.0
238.51	0.0
239.29	0.0
240.1	0.0
240.93	0.0
241.78	0.0
242.65	0.0
243.55	0.0
244.46	0.0
245.4	0.0
246.35	0.0
247.33	0.0
248.33	0.0
249.35	0.0
250.39	0.0
251.46	0.0
252.54	0.0
253.64	0.0
254.77	0.0
255.92	0.0
257.08	0.0
258.27	0.0
259.48	0.0
260.71	0.0
261.96	0.0
263.23	0.0
264.52	0.0
265.84	0.0
267.17	0.0
268.53	0.0
269.9	0.0
271.3	0.0
272.72	0.0
274.16	0.0
275.62	0.0
277.1	0.0
278.61	0.01
280.13	0.01
281.68	0.01
283.24	0.01
284.83	0.01
286.44	0.01
288.07	0.01
289.73	0.01
291.4	0.01
293.1	0.01
294.82	0.01
296.56	0.01
298.32	0.01
300.1	0.01
301.91	0.01
303.74	0.01
305.59	0.01
307.46	0.01
309.36	0.01
311.28	0.01
313.22	0.01
315.19	0.01
317.17	0.01
319.18	0.01
321.22	0.01
323.27	0.01
325.35	0.01
327.46	0.01
329.58	0.01
331.73	0.01
333.91	0.01
336.11	0.01
338.33	0.01
340.57	0.01
342.84	0.01
345.14	0.01
347.46	0.01
349.8	0.01
352.17	0.01
354.56	0.01
356.98	0.01
359.42	0.01
361.89	0.01
364.38	0.01
366.9	0.01
369.44	0.01
372.01	0.01
374.61	0.01
377.23	0.01
379.87	0.01
382.54	0.01
385.24	0.01
387.96	0.01
390.71	0.01
393.49	0.01
396.29	0.01
399.12	0.01
401.97	0.01
404.85	0.01
407.76	0.01
410.7	0.01
413.66	0.01
416.64	0.01
419.66	0.01
422.7	0.01
425.77	0.01
428.86	0.01
431.98	0.01
435.13	0.01
438.3	0.01
441.51	0.01
444.73	0.01
447.99	0.01
451.27	0.01
454.58	0.01
457.92	0.01
461.28	0.01
464.67	0.01
468.08	0.01
471.52	0.01
474.99	0.01
478.49	0.01
482.01	0.01
485.55	0.01
489.12	0.01
492.72	0.01
496.34	0.01
499.99	0.01
503.67	0.01
507.36	0.01
511.09	0.01
514.83	0.01
518.61	0.01
522.4	0.01
526.22	0.01
529.95	0.01
533.46	0.01
536.75	0.01
539.81	0.01
542.66	0.01
545.27	0.01
547.67	0.01
549.84	0.01
551.78	0.01
553.5	0.01
555.0	0.01
556.26	0.01
557.3	0.01
558.12	0.01
558.7	0.01
559.06	0.01
559.19	0.01
559.1	0.01
558.77	0.01
558.22	0.01
557.44	0.01
556.42	0.01
555.19	0.01
553.72	0.01
552.02	0.01
550.09	0.01
547.94	0.01
545.55	0.01
542.94	0.01
540.09	0.01
537.02	0.01
533.72	0.01
530.19	0.01
526.43	0.01
522.44	0.01
518.23	0.01
513.78	0.01
509.11	0.01
504.21	0.01
499.08	0.01
493.73	0.01
488.15	0.01
482.34	0.01
476.31	0.01
470.05	0.01
463.56	0.01
456.85	0.01
449.91	0.01
442.75	0.01
435.37	0.01
427.77	0.01
419.94	0.01
411.89	0.01
403.61	0.01
395.12	0.01
386.41	0.01
377.48	0.01
368.32	0.01
358.95	0.01
349.37	0.01
339.56	0.01
329.54	0.01
319.31	0.01
308.86	0.01
298.2	0.01
287.32	0.01
276.24	0.01
264.94	0.01
253.43	0.01
241.72	0.01
229.79	0.01
217.66	0.01
205.32	0.01
192.78	0.01
180.03	0.01
167.09	0.01
153.93	0.01
140.58	0.01
127.03	0.01
113.28	0.01
99.34	0.01
85.19	0.01
70.86	0.01
56.33	0.01
41.6	0.01
26.69	0.01
11.59	0.01
-3.71	0.01
-19.19	0.01
-34.85	0.01
-50.7	0.01
-66.73	0.01
-82.94	0.01
-99.34	0.01
-115.91	0.01
-132.65	0.01
-149.58	0.01
-166.68	0.01
-183.95	0.01
-201.39	0.01
-219.0	0.01
-236.78	0.01
-254.72	0.01
-272.83	0.01
-291.1	0.01
-309.53	0.01
-328.12	0.01
-346.87	0.01
-365.78	0.01
-384.84	0.01
-404.05	0.01
-423.41	0.01
-442.92	0.01
-462.58	0.01
-482.39	0.01
-502.34	0.01
-522.43	0.01
-542.65	0.01
-563.02	0.01
-583.52	0.01
-604.16	0.01
-624.93	0.01
-645.83	0.01
-666.86	0.0
-688.01	0.0
-709.29	0.0
-730.69	0.0
-752.21	0.0
-773.85	0.0
-795.6	0.0
-817.47	0.0
-839.45	0.0
-861.54	0.0
-883.74	0.0
-906.04	0.0
-928.45	0.0
-950.96	0.0
-973.56	0.0
-996.27	0.0
-1019.07	0.0
-1041.96	0.0
-1064.94	0.0
-1088.01	0.0
-1111.17	0.0
-1134.41	0.0
-1157.73	0.0
-1181.13	0.0
-1204.61	0.0
-1228.16	0.0
-1251.79	0.0
-1275.48	0.0
-1299.25	0.0
-1323.07	0.0
-1346.97	0.0
-1370.92	0.0
-1394.93	0.0
-1419.0	0.0
-1443.12	0.0
-1467.29	0.0
-1491.51	0.0
-1515.78	0.0
-1540.09	0.0
-1564.45	0.0
-1588.84	0.0
-1613.27	0.0
-1637.74	0.0
-1662.23	0.0
-1686.76	0.0
-1711.32	0.0
-1735.9	-0.0
-1760.5	-0.0
-1785.12	-0.0
-1809.76	-0.0
-1834.42	-0.0
-1859.09	-0.0
-1883.76	-0.0
-1908.45	-0.0
-1933.14	-0.0
-1957.84	-0.0
-1982.53	-0.0
-2000.19	-0.0
-2017.25	-0.0
-2034.36	-0.0
-2051.54	-0.0
-2068.77	-0.0
-2086.06	-0.0
-2103.41	-0.0
-2120.82	-0.0
-2138.29	-0.0
-2155.81	-0.0
-2173.4	-0.0
-2191.04	-0.0
-2208.74	-0.0
-2226.51	-0.0
-2244.33	-0.0
-2262.21	-0.0
-2280.15	-0.0
-2298.16	-0.0
-2316.22	-0.0
-2334.35	-0.0
-2352.54	-0.0
-2370.79	-0.0
-2389.1	-0.0
-2407.48	-0.0
-2425.93	-0.0
-2444.44	-0.0
-2463.02	-0.0
-2481.67	-0.0
-2500.39	-0.0
-2519.18	-0.0
-2538.04	-0.0
-2556.98	-0.0
-2575.99	-0.01
-2595.08	-0.01
-2614.24	-0.01
-2633.49	-0.01
-2652.82	-0.01
-2672.24	-0.01
-2691.74	-0.01
-2711.33	-0.01
-2731.01	-0.01
-2750.78	-0.01
-2770.65	-0.01
-2790.62	-0.01
-2810.69	-0.01
-2830.87	-0.01
-2851.16	-0.01
-2871.55	-0.01
-2892.07	-0.01
-2912.7	-0.01
-2933.45	-0.01
-2954.33	-0.01
-2975.34	-0.01
-2996.41	-0.01
-3017.34	-0.01
-3038.13	-0.01
-3058.79	-0.01
-3079.31	-0.01
-3099.69	-0.01
-3119.92	-0.01
-3140.01	-0.01
-3159.95	-0.01
-3179.73	-0.01
-3199.37	-0.01
-3218.85	-0.01
-3238.18	-0.01
-3257.35	-0.01
-3276.35	-0.01
-3295.2	-0.01
-3313.88	-0.01
-3332.39	-0.01
-3350.73	-0.01
-3368.9	-0.01
-3386.9	-0.01
-3404.73	-0.01
-3422.37	-0.01
-3439.84	-0.01
-3457.13	-0.01
-3474.24	-0.01
-3491.16	-0.01
-3507.89	-0.01
-3524.44	-0.01
-3540.79	-0.01
-3556.96	-0.01
-3572.93	-0.01
-3588.7	-0.01
-3604.28	-0.01
-3619.66	-0.01
-3634.83	-0.01
-3649.81	-0.01
-3664.58	-0.01
-3679.14	-0.01
-3693.5	-0.01
-3707.65	-0.01
-3721.58	-0.01
-3735.31	-0.01
-3748.82	-0.01
-3762.11	-0.01
-3775.19	-0.01
-3788.04	-0.01
-3800.68	-0.01
-3813.1	-0.01
-3825.29	-0.01
-3837.26	-0.01
-3849.0	-0.01
-3860.51	-0.01
-3871.8	-0.01
-3882.86	-0.01
-3893.68	-0.01
-3904.27	-0.01
-3914.63	-0.01
-3924.75	-0.01
-3934.63	-0.01
-3944.28	-0.01
-3953.69	-0.01
-3962.85	-0.01
-3971.78	-0.01
-3980.46	-0.01
-3988.9	-0.01
-3997.09	-0.01
-4005.04	-0.01
-4012.74	-0.01
-4020.2	-0.01
-4027.4	-0.01
-4034.35	-0.01
-4041.06	-0.01
-4047.51	-0.01
-4053.71	-0.01
-4059.65	-0.01
-4065.34	-0.01
-4070.78	-0.01
-4075.96	-0.01
-4080.88	-0.01
-4085.55	-0.01
-4089.95	-0.01
-4094.1	-0.01
-4097.99	-0.01
-4101.62	-0.01
-4104.99	-0.01
-4108.09	-0.01
-4110.93	-0.01
-4113.51	-0.01
-4115.83	-0.01
-4117.88	-0.01
-4119.67	-0.01
-4121.2	-0.01
-4122.46	-0.01
-4123.45	-0.01
-4124.18	-0.01
-4124.64	-0.01
-4124.84	-0.01
-4124.77	-0.01
-4124.43	-0.01
-4123.83	-0.01
-4122.95	-0.01
-4121.81	-0.01
-4120.41	-0.01
-4118.73	-0.01
-4116.79	-0.01
-4114.57	-0.01
-4112.1	-0.01
-4109.35	-0.01
-4106.33	-0.01
-4103.05	-0.01
-4099.49	-0.01
-4095.67	-0.01
-4091.59	-0.01
-4087.23	-0.01
-4082.61	-0.01
-4077.72	-0.01
-4072.56	-0.01
-4067.14	-0.01
-4061.44	-0.01
-4055.49	-0.01
-4049.26	-0.01
-4042.78	-0.01
-4036.02	-0.01
-4029.0	-0.01
-4021.72	-0.01
-4014.17	-0.01
-4006.36	-0.01
-3998.29	-0.01
-3989.95	-0.01
-3981.36	-0.01
-3972.5	-0.01
-3963.38	-0.01
-3954.0	-0.01
-3944.36	-0.01
-3934.47	-0.01
-3924.31	-0.01
-3913.9	-0.01
-3903.24	-0.01
-3892.31	-0.01
-3881.14	-0.01
-3869.71	-0.01
-3858.02	-0.01
-3846.09	-0.01
-3833.9	-0.01
-3821.46	-0.01
-3808.78	-0.01
-3795.85	-0.01
-3782.67	-0.01
-3769.24	-0.01
-3755.57	-0.01
-3741.66	-0.01
-3727.5	-0.01
-3713.1	-0.01
-3698.46	-0.01
-3683.59	-0.01
-3668.47	-0.01
-3653.12	-0.01
-3637.54	-0.01
-3621.72	-0.01
-3605.67	-0.01
-3589.39	-0.01
-3572.88	-0.01
-3556.14	-0.01
-3539.17	-0.01
-3521.98	-0.01
-3504.56	-0.01
-3486.93	-0.01
-3469.07	-0.01
-3450.99	-0.01
-3432.7	-0.01
-3414.19	-0.01
-3395.46	-0.01
-3376.53	-0.01
-3357.38	-0.01
-3338.02	-0.01
-3318.46	-0.01
-3298.69	-0.01
-3278.72	-0.01
-3258.54	-0.01
-3238.16	-0.01
-3217.59	-0.01
-3196.82	-0.01
-3175.85	-0.01
-3154.7	-0.01
-3133.35	-0.01
-3111.81	-0.01
-3090.09	-0.01
-3068.18	-0.01
-3046.08	-0.01
-3023.81	-0.01
-3001.36	-0.01
-2978.73	-0.01
-2955.93	-0.01
-2932.95	-0.01
-2909.81	-0.01
-2886.49	-0.01
-2863.01	-0.01
-2839.37	-0.01
-2815.56	-0.01
-2791.6	-0.01
-2767.47	-0.01
-2743.2	-0.01
-2718.77	-0.01
-2694.19	-0.01
-2669.46	-0.01
-2644.59	-0.01
-2619.57	-0.01
-2594.41	-0.01
-2569.11	-0.01
-2543.68	-0.01
-2518.11	-0.01
-2492.42	-0.0
-2466.59	-0.0
-2440.63	-0.0
-2414.56	-0.0
-2388.36	-0.0
-2362.04	-0.0
-2335.61	-0.0
-2309.06	-0.0
-2282.4	-0.0
-2255.63	-0.0
-2228.76	-0.0
-2201.78	-0.0
-2174.7	-0.0
-2147.52	-0.0
-2120.25	-0.0
-2092.88	-0.0
-2065.42	-0.0
-2037.88	-0.0
-2010.25	-0.0
-1982.53	-0.0
-1954.74	-0.0
-1926.87	-0.0
-1898.93	-0.0
-1870.91	-0.0
-1842.83	-0.0
-1814.68	-0.0
-1786.46	-0.0
-1758.19	-0.0
-1729.86	-0.0
-1701.47	-0.0
-1673.03	-0.0
-1644.54	-0.0
-1616.01	-0.0
-1587.43	-0.0
-1558.81	-0.0
-1530.15	-0.0
-1501.45	-0.0
-1472.73	-0.0
-1443.97	0.0
-1415.19	0.0
-1386.38	0.0
-1357.55	0.0
-1328.71	0.0
-1299.84	0.0
-1270.97	0.0
-1242.09	0.0
-1213.2	0.0
-1184.3	0.0
-1155.41	0.0
-1126.51	0.0
-1097.62	0.0
-1068.74	0.0
-1039.87	0.0
-1011.02	0.0
-982.18	0.0
-953.36	0.0
-924.56	0.0
-895.79	0.0
-867.04	0.0
-838.33	0.0
-809.65	0.0
-781.01	0.0
-752.41	0.0
-723.85	0.0
-695.33	0.0
-666.87	0.0
-638.45	0.0
-610.09	0.0
-581.79	0.0
-553.55	0.0
-525.37	0.0
-497.25	0.0
-469.21	0.0
-441.24	0.0
-413.34	0.01
-385.52	0.01
-357.77	0.01
-330.12	0.01
-302.54	0.01
-275.06	0.01
-247.67	0.01
-220.37	0.01
-193.17	0.01
-166.08	0.01
-139.08	0.01
-112.19	0.01
-85.41	0.01
-58.74	0.01
-32.18	0.01
-5.74	0.01
20.58	0.01
46.77	0.01
72.84	0.01
98.79	0.01
124.6	0.01
150.28	0.01
175.82	0.01
201.23	0.01
226.49	0.01
251.61	0.01
276.58	0.01
301.4	0.01
326.07	0.01
350.59	0.01
374.94	0.01
399.14	0.01
423.17	0.01
447.04	0.01
470.75	0.01
494.28	0.01
517.64	0.01
540.82	0.01
563.83	0.01
586.65	0.01
609.29	0.01
631.75	0.01
654.02	0.01
676.1	0.01
697.99	0.01
719.68	0.01
741.17	0.01
762.47	0.01
783.56	0.01
804.45	0.01
825.13	0.01
845.6	0.01
865.87	0.01
885.92	0.01
905.75	0.01
925.36	0.01
944.76	0.01
963.93	0.01
982.88	0.01
1001.6	0.01
1020.1	0.01
1038.36	0.01
1056.39	0.01
1074.19	0.01
1091.75	0.01
1109.07	0.01
1126.15	0.01
1142.99	0.01
1159.58	0.01
1175.92	0.01
1192.02	0.01
1207.87	0.01
1223.47	0.01
1238.81	0.01
1253.89	0.01
1268.72	0.01
1283.29	0.01
1297.6	0.01
1311.64	0.01
1325.43	0.01
1338.94	0.01
1352.19	0.01
1365.17	0.01
1377.87	0.01
1390.31	0.01
1402.47	0.01
1414.36	0.01
1425.97	0.01
1437.3	0.01
1448.35	0.01
1459.12	0.01
1469.61	0.01
1479.82	0.01
1489.74	0.01
1499.37	0.01
1508.72	0.01
1517.77	0.01
1526.54	0.01
1535.02	0.01
1543.2	0.01
1551.09	0.01
1558.69	0.01
1565.99	0.01
1572.99	0.01
1579.7	0.01
1586.11	0.01
1592.21	0.01
1598.02	0.01
1603.53	0.01
1608.73	0.01
1613.63	0.01
1618.23	0.01
1622.53	0.01
1626.51	0.01
1630.2	0.01
1633.57	0.01
1636.64	0.01
1639.4	0.01
1641.85	0.01
1644.0	0.01
1645.83	0.01
1647.35	0.01
1648.57	0.01
1649.47	0.01
1650.06	0.01
1650.34	0.01
1650.3	0.01
1649.96	0.01
1649.3	0.01
1648.33	0.01
1647.05	0.01
1645.45	0.01
1643.54	0.01
1641.31	0.01
1638.77	0.01
1635.92	0.01
1632.76	0.01
1629.28	0.01
1625.49	0.01
1621.38	0.01
1616.96	0.01
1612.23	0.01
1607.18	0.01
1601.82	0.01
1596.15	0.01
1590.16	0.01
1583.87	0.01
1577.26	0.01
1570.34	0.01
1563.1	0.01
1555.56	0.01
1547.71	0.01
1539.54	0.01
1531.07	0.01
1522.29	0.01
1513.2	0.01
1503.8	0.01
1494.1	0.01
1484.09	0.01
1473.77	0.01
1463.15	0.01
1452.23	0.01
1441.0	0.01
1429.46	0.01
1417.63	0.01
1405.5	0.01
1393.06	0.01
1380.33	0.01
1367.3	0.01
1353.97	0.01
1340.35	0.01
1326.43	0.01
1312.22	0.01
1297.71	0.01
1282.92	0.01
1267.83	0.01
1252.45	0.01
1236.79	0.01
1220.84	0.01
1204.61	0.01
1188.09	0.01
1171.29	0.01
1154.2	0.01
1136.84	0.01
1119.2	0.01
1101.28	0.01
1083.09	0.01
1064.62	0.01
1045.89	0.01
1026.88	0.01
1007.6	0.01
988.06	0.01
968.25	0.01
948.17	0.01
927.84	0.01
907.24	0.01
886.39	0.01
865.28	0.01
843.91	0.01
822.29	0.01
800.42	0.01
778.3	0.01
755.94	0.01
733.33	0.01
710.48	0.01
687.38	0.01
664.05	0.01
640.48	0.01
616.68	0.01
592.64	0.01
568.37	0.01
543.88	0.01
519.16	0.01
494.21	0.01
469.05	0.01
443.66	0.01
418.06	0.01
392.24	0.01
366.22	0.01
339.98	0.01
313.53	0.01
286.88	0.01
260.03	0.01
232.98	0.01
205.73	0.01
178.29	0.01
150.66	0.01
122.83	0.01
94.82	0.01
66.62	0.01
38.24	0.01
9.69	0.01
-19.05	0.01
-47.95	0.01
-77.03	0.01
-106.28	0.01
-135.69	0.01
-165.26	0.01
-194.99	0.01
-224.89	0.01
-254.93	0.01
-285.13	0.01
-315.47	0.01
-345.96	0.01
-376.59	0.01
-407.37	0.01
-438.27	0.0
-469.32	0.0
-500.49	0.0
-531.79	0.0
-563.22	0.0
-594.77	0.0
-626.43	0.0
-658.22	0.0
-690.11	0.0
-722.11	0.0
-754.22	0.0
-786.44	0.0
-818.75	0.0
-851.16	0.0
-883.67	0.0
-916.26	0.0
-948.95	0.0
-981.71	0.0
-1014.56	0.0
-1047.49	0.0
-1080.49	0.0
-1113.56	0.0
-1146.7	0.0
-1179.91	0.0
-1213.18	0.0
-1246.5	0.0
-1279.88	0.0
-1313.32	0.0
-1346.8	0.0
-1380.32	0.0
-1413.89	0.0
-1447.5	0.0
-1481.14	-0.0
-1514.82	-0.0
-1548.52	-0.0
-1582.25	-0.0
-1616.0	-0.0
-1649.76	-0.0
-1683.55	-0.0
-1717.34	-0.0
-1751.15	-0.0
-1784.95	-0.0
-1818.76	-0.0
-1852.57	-0.0
-1886.37	-0.0
-1920.17	-0.0
-1953.95	-0.0
-1987.72	-0.0
-2021.47	-0.0
-2055.19	-0.0
-2088.89	-0.0
-2122.56	-0.0
-2156.2	-0.0
-2189.81	-0.0
-2223.37	-0.0
-2256.89	-0.0
-2290.37	-0.0
-2323.79	-0.0
-2357.17	-0.0
-2390.48	-0.0
-2423.74	-0.0
-2456.93	-0.0
-2490.06	-0.0
-2523.12	-0.01
-2556.1	-0.01
-2589.01	-0.01
-2621.84	-0.01
-2654.58	-0.01
-2687.24	-0.01
-2719.81	-0.01
-2752.28	-0.01
-2784.66	-0.01
-2816.94	-0.01
-2849.11	-0.01
-2881.18	-0.01
-2913.14	-0.01
-2944.98	-0.01
-2976.71	-0.01
-3008.32	-0.01
-3039.8	-0.01
-3071.16	-0.01
-3102.39	-0.01
-3133.48	-0.01
-3164.44	-0.01
-3195.26	-0.01
-3225.93	-0.01
-3256.46	-0.01
-3286.84	-0.01
-3317.07	-0.01
-3347.14	-0.01
-3377.06	-0.01
-3406.81	-0.01
-3436.39	-0.01
-3465.81	-0.01
-3495.06	-0.01
-3524.13	-0.01
-3553.02	-0.01
-3581.74	-0.01
-3610.27	-0.01
-3638.61	-0.01
-3666.76	-0.01
-3694.72	-0.01
-3722.49	-0.01
-3750.05	-0.01
-3777.42	-0.01
-3804.58	-0.01
-3831.53	-0.01
-3858.27	-0.01
-3884.8	-0.01
-3911.11	-0.01
-3937.2	-0.01
-3963.07	-0.01
-3988.72	-0.01
-4014.14	-0.01
-4039.32	-0.01
-4064.28	-0.01
-4089.0	-0.01
-4113.48	-0.01
-4137.71	-0.01
-4161.71	-0.01
-4185.46	-0.01
-4208.96	-0.01
-4232.2	-0.01
-4255.2	-0.01
-4277.93	-0.01
-4300.41	-0.01
-4322.62	-0.01
-4344.57	-0.01
-4366.25	-0.01
-4387.67	-0.01
-4408.81	-0.01
-4429.67	-0.01
-4450.26	-0.01
-4470.58	-0.01
-4490.61	-0.01
-4510.35	-0.01
-4529.81	-0.01
-4548.99	-0.01
-4567.87	-0.01
-4586.46	-0.01
-4604.75	-0.01
-4622.75	-0.02
-4640.45	-0.02
-4657.85	-0.02
-4674.95	-0.02
-4691.74	-0.02
-4708.22	-0.02
-4724.39	-0.02
-4740.26	-0.02
-4755.81	-0.02
-4771.05	-0.02
-4785.97	-0.02
-4800.57	-0.02
-4814.85	-0.02
-4828.81	-0.02
-4842.44	-0.02
-4855.76	-0.02
-4868.74	-0.02
-4881.39	-0.02
-4893.72	-0.02
-4905.71	-0.02
-4917.37	-0.02
-4928.7	-0.02
-4939.69	-0.02
-4950.34	-0.02
-4960.65	-0.02
-4970.62	-0.02
-4980.26	-0.02
-4989.54	-0.02
-4998.49	-0.02
-5007.08	-0.02
-5015.33	-0.02
-5023.24	-0.02
-5030.79	-0.02
-5037.99	-0.02
-5044.84	-0.02
-5051.34	-0.02
-5057.49	-0.02
-5063.28	-0.02
-5068.72	-0.02
-5073.8	-0.02
-5078.52	-0.02
-5082.89	-0.02
-5086.9	-0.02
-5090.54	-0.02
-5093.83	-0.02
-5096.76	-0.02
-5099.32	-0.02
-5101.53	-0.02
-5103.37	-0.02
-5104.84	-0.02
-5105.96	-0.02
-5106.71	-0.02
-5107.09	-0.02
-5107.11	-0.02
-5106.76	-0.02
-5106.05	-0.02
-5104.97	-0.02
-5103.53	-0.02
-5101.72	-0.02
-5099.54	-0.02
-5097.0	-0.02
-5094.09	-0.02
-5090.81	-0.02
-5087.16	-0.02
-5083.15	-0.02
-5078.77	-0.02
-5074.02	-0.02
-5068.91	-0.02
-5063.43	-0.02
-5057.58	-0.02
-5051.37	-0.02
-5044.79	-0.02
-5037.85	-0.02
-5030.54	-0.02
-5022.86	-0.02
-5014.82	-0.02
-5006.42	-0.02
-4997.65	-0.02
-4988.52	-0.02
-4979.02	-0.02
-4969.17	-0.02
-4958.95	-0.02
-4948.37	-0.02
-4937.43	-0.02
-4926.14	-0.02
-4914.48	-0.02
-4902.47	-0.02
-4890.1	-0.02
-4877.37	-0.02
-4864.29	-0.02
-4850.85	-0.02
-4837.06	-0.02
-4822.92	-0.02
-4808.43	-0.02
-4793.58	-0.02
-4778.39	-0.02
-4762.85	-0.02
-4746.97	-0.02
-4730.73	-0.02
-4714.16	-0.02
-4697.24	-0.02
-4679.98	-0.02
-4662.38	-0.02
-4644.45	-0.02
-4626.17	-0.02
-4607.56	-0.01
-4588.62	-0.01
-4569.34	-0.01
-4549.74	-0.01
-4529.8	-0.01
-4509.54	-0.01
-4488.95	-0.01
-4468.04	-0.01
-4446.8	-0.01
-4425.24	-0.01
-4403.37	-0.01
-4381.18	-0.01
-4358.67	-0.01
-4335.85	-0.01
-4312.72	-0.01
-4289.28	-0.01
-4265.54	-0.01
-4241.49	-0.01
-4217.13	-0.01
-4192.48	-0.01
-4167.53	-0.01
-4142.28	-0.01
-4116.74	-0.01
-4090.9	-0.01
-4064.78	-0.01
-4038.37	-0.01
-4011.67	-0.01
-3984.7	-0.01
-3957.44	-0.01
-3929.91	-0.01
-3902.1	-0.01
-3874.01	-0.01
-3845.66	-0.01
-3817.04	-0.01
-3788.16	-0.01
-3759.01	-0.01
-3729.61	-0.01
-3699.95	-0.01
-3670.03	-0.01
-3639.86	-0.01
-3609.45	-0.01
-3578.79	-0.01
-3547.88	-0.01
-3516.74	-0.01
-3485.36	-0.01
-3453.74	-0.01
-3421.9	-0.01
-3389.82	-0.01
-3357.52	-0.01
-3325.0	-0.01
-3292.26	-0.01
-3259.3	-0.01
-3226.13	-0.01
-3192.75	-0.01
-3159.16	-0.01
-3125.37	-0.01
-3091.38	-0.01
-3057.19	-0.01
-3022.8	-0.01
-2988.23	-0.01
-2953.47	-0.01
-2918.52	-0.01
-2883.4	-0.01
-2848.09	-0.01
-2812.61	-0.01
-2776.96	-0.01
-2741.15	-0.01
-2705.17	-0.01
-2669.03	-0.01
-2632.73	-0.01
-2596.28	-0.01
-2559.68	-0.01
-2522.93	-0.01
-2486.04	-0.0
-2449.0	-0.0
-2411.84	-0.0
-2374.54	-0.0
-2337.11	-0.0
-2299.56	-0.0
-2261.88	-0.0
-2224.09	-0.0
-2186.19	-0.0
-2148.17	-0.0
-2110.05	-0.0
-2071.82	-0.0
-2033.5	-0.0
-1995.07	-0.0
-1956.56	-0.0
-1917.96	-0.0
-1879.28	-0.0
-1840.51	-0.0
-1801.67	-0.0
-1762.76	-0.0
-1723.77	-0.0
-1684.72	-0.0
-1645.61	-0.0
-1606.45	-0.0
-1567.23	-0.0
-1527.95	-0.0
-1488.64	-0.0
-1449.28	0.0
-1409.88	0.0
-1370.45	0.0
-1330.99	0.0
-1291.51	0.0
-1252.0	0.0
-1212.47	0.0
-1172.93	0.0
-1133.38	0.0
-1093.82	0.0
-1054.26	0.0
-1014.7	0.0
-975.15	0.0
-935.6	0.0
-896.07	0.0
-856.56	0.0
-817.07	0.0
-777.6	0.0
-738.16	0.0
-698.76	0.0
-659.39	0.0
-620.07	0.0
-580.79	0.0
-541.56	0.0
-502.38	0.0
-463.26	0.0
-424.2	0.0
-385.2	0.01
-346.28	0.01
-307.43	0.01
-268.65	0.01
-229.96	0.01
-191.35	0.01
-152.83	0.01
-114.4	0.01
-76.07	0.01
-37.84	0.01
0.28	0.01
38.3	0.01
76.2	0.01
113.99	0.01
151.65	0.01
189.2	0.01
226.61	0.01
263.89	0.01
301.04	0.01
338.04	0.01
374.9	0.01
411.62	0.01
448.18	0.01
484.59	0.01
520.84	0.01
556.93	0.01
592.85	0.01
628.6	0.01
664.17	0.01
699.57	0.01
734.79	0.01
769.82	0.01
804.66	0.01
839.31	0.01
873.76	0.01
908.01	0.01
942.06	0.01
975.9	0.01
1009.54	0.01
1042.95	0.01
1076.15	0.01
1109.13	0.01
1141.88	0.01
1174.41	0.01
1206.7	0.01
1238.75	0.01
1270.57	0.01
1302.15	0.01
1333.48	0.01
1364.56	0.01
1395.38	0.01
1425.95	0.01
1456.27	0.01
1486.32	0.01
1516.1	0.01
1545.62	0.01
1574.86	0.01
1603.82	0.01
1632.51	0.01
1660.92	0.01
1689.04	0.02
1716.87	0.02
1744.42	0.02
1771.67	0.02
1798.62	0.02
1825.27	0.02
1851.61	0.02
1877.66	0.02
1903.39	0.02
1928.81	0.02
1953.91	0.02
1978.7	0.02
2003.17	0.02
2027.31	0.02
2051.13	0.02
2074.62	0.02
2097.78	0.02
2120.6	0.02
2143.09	0.02
2165.24	0.02
2187.05	0.02
2208.51	0.02
2229.62	0.02
2250.39	0.02
2270.8	0.02
2290.86	0.02
2310.57	0.02
2329.91	0.02
2348.89	0.02
2367.51	0.02
2385.77	0.02
2403.66	0.02
2421.17	0.02
2438.32	0.02
2455.09	0.02
2471.48	0.02
2487.5	0.02
2503.13	0.02
2518.39	0.02
2533.26	0.02
2547.74	0.02
2561.83	0.02
2575.54	0.02
2588.86	0.02
2601.78	0.02
2614.3	0.02
2626.43	0.02
2638.16	0.02
2649.5	0.02
2660.43	0.02
2670.96	0.02
2681.08	0.02
2690.8	0.02
2700.11	0.02
2709.01	0.02
2717.51	0.02
2725.59	0.02
2733.26	0.02
2740.52	0.02
2747.36	0.02
2753.79	0.02
2759.8	0.02
2765.39	0.02
2770.57	0.02
2775.32	0.02
2779.66	0.02
2783.57	0.02
2787.06	0.02
2790.13	0.02
2792.78	0.02
2795.0	0.02
2796.8	0.02
2798.17	0.02
2799.11	0.02
2799.63	0.02
2799.72	0.02
2799.38	0.02
2798.62	0.02
2797.43	0.02
2795.8	0.02
2793.75	0.02
2791.27	0.02
2788.37	0.02
2785.03	0.02
2781.26	0.02
2777.06	0.02
2772.44	0.02
2767.38	0.02
2761.9	0.02
2755.98	0.02
2749.64	0.02
2742.86	0.02
2735.66	0.02
2728.03	0.02
2719.98	0.02
2711.49	0.02
2702.58	0.02
2693.24	0.02
2683.47	0.02
2673.28	0.02
2662.66	0.02
2651.62	0.02
2640.16	0.02
2628.27	0.02
2615.96	0.02
2603.23	0.02
2590.07	0.02
2576.5	0.02
2562.51	0.02
2548.1	0.02
2533.28	0.02
2518.04	0.02
2502.38	0.02
2486.31	0.02
2469.83	0.02
2452.94	0.02
2435.63	0.02
2417.92	0.02
2399.81	0.02
2381.28	0.02
2362.35	0.02
2343.02	0.02
2323.29	0.02
2303.16	0.02
2282.63	0.02
2261.71	0.02
2240.39	0.02
2218.68	0.02
2196.57	0.02
2174.08	0.02
2151.2	0.02
2127.93	0.02
2104.28	0.02
2080.25	0.02
2055.84	0.02
2031.06	0.02
2005.89	0.02
1980.36	0.02
1954.45	0.02
1928.18	0.02
1901.53	0.02
1874.53	0.02
1847.16	0.02
1819.43	0.02
1791.35	0.02
1762.91	0.02
1734.12	0.02
1704.97	0.02
1675.49	0.01
1645.65	0.01
1615.48	0.01
1584.97	0.01
1554.12	0.01
1522.94	0.01
1491.42	0.01
1459.58	0.01
1427.41	0.01
1394.93	0.01
1362.12	0.01
1328.99	0.01
1295.56	0.01
1261.81	0.01
1227.76	0.01
1193.4	0.01
1158.74	0.01
1123.78	0.01
1088.53	0.01
1052.99	0.01
1017.16	0.01
981.04	0.01
944.64	0.01
907.97	0.01
871.02	0.01
833.8	0.01
796.31	0.01
758.56	0.01
720.55	0.01
682.28	0.01
643.75	0.01
604.98	0.01
565.96	0.01
526.7	0.01
487.2	0.01
447.46	0.01
407.49	0.01
367.3	0.01
326.88	0.01
286.24	0.01
245.38	0.01
204.31	0.01
163.04	0.01
121.56	0.01
79.88	0.01
38.0	0.01
-4.07	0.01
-46.33	0.01
-88.77	0.01
-131.4	0.01
-174.2	0.01
-217.17	0.01
-260.31	0.01
-303.61	0.01
-347.08	0.01
-390.69	0.01
-434.46	0.0
-478.38	0.0
-522.44	0.0
-566.64	0.0
-610.97	0.0
-655.43	0.0
-700.02	0.0
-744.73	0.0
-789.56	0.0
-834.49	0.0
-879.54	0.0
-924.69	0.0
-969.94	0.0
-1015.28	0.0
-1060.72	0.0
-1106.24	0.0
-1151.84	0.0
-1197.52	0.0
-1243.27	0.0
-1289.09	0.0
-1334.97	0.0
-1380.91	0.0
-1426.91	0.0
-1472.95	-0.0
-1519.04	-0.0
-1565.17	-0.0
-1611.34	-0.0
-1657.54	-0.0
-1703.76	-0.0
-1750.01	-0.0
-1796.27	-0.0
-1842.55	-0.0
-1888.83	-0.0
-1935.12	-0.0
-1981.41	-0.0
-2027.69	-0.0
-2073.97	-0.0
-2120.22	-0.0
-2166.46	-0.0
-2212.68	-0.0
-2258.86	-0.0
-2305.01	-0.0
-2351.12	-0.0
-2397.19	-0.0
-2443.22	-0.0
-2489.19	-0.0
-2535.1	-0.01
-2580.95	-0.01
-2626.74	-0.01
-2672.45	-0.01
-2718.09	-0.01
-2763.65	-0.01
-2809.13	-0.01
-2854.51	-0.01
-2899.8	-0.01
-2944.99	-0.01
-2990.08	-0.01
-3035.06	-0.01
-3079.93	-0.01
-3124.68	-0.01
-3169.31	-0.01
-3213.81	-0.01
-3258.18	-0.01
-3302.42	-0.01
-3346.51	-0.01
-3390.47	-0.01
-3434.27	-0.01
-3477.91	-0.01
-3521.4	-0.01
-3564.73	-0.01
-3607.89	-0.01
-3650.88	-0.01
-3693.69	-0.01
-3736.32	-0.01
-3778.76	-0.01
-3821.02	-0.01
-3863.08	-0.01
-3904.94	-0.01
-3946.6	-0.01
-3988.05	-0.01
-4029.29	-0.01
-4070.32	-0.01
-4111.12	-0.01
-4151.7	-0.01
-4192.05	-0.01
-4232.17	-0.01
-4272.04	-0.01
-4311.68	-0.01
-4351.07	-0.01
-4390.21	-0.01
-4429.1	-0.01
-4467.73	-0.01
-4506.09	-0.01
-4544.19	-0.01
-4582.02	-0.01
-4619.57	-0.02
-4656.85	-0.02
-4693.84	-0.02
-4730.54	-0.02
-4766.96	-0.02
-4803.07	-0.02
-4838.89	-0.02
-4874.41	-0.02
-4909.62	-0.02
-4944.52	-0.02
-4979.1	-0.02
-5013.37	-0.02
-5047.32	-0.02
-5080.94	-0.02
-5114.23	-0.02
-5147.19	-0.02
-5179.81	-0.02
-5212.09	-0.02
-5244.03	-0.02
-5275.62	-0.02
-5306.86	-0.02
-5337.74	-0.02
-5368.27	-0.02
-5398.44	-0.02
-5428.24	-0.02
-5457.68	-0.02
-5486.74	-0.02
-5515.43	-0.02
-5543.74	-0.02
-5571.67	-0.02
-5599.22	-0.02
-5626.37	-0.02
-5653.14	-0.02
-5679.52	-0.02
-5705.5	-0.02
-5731.08	-0.02
-5756.25	-0.02
-5781.02	-0.02
-5805.39	-0.02
-5829.34	-0.02
-5852.88	-0.02
-5876.0	-0.02
-5898.7	-0.02
-5920.98	-0.02
-5942.84	-0.02
-5964.26	-0.02
-5985.26	-0.02
-6005.83	-0.02
-6025.96	-0.02
-6045.65	-0.02
-6064.9	-0.02
-6083.71	-0.02
-6102.08	-0.02
-6120.0	-0.02
-6137.47	-0.02
-6154.49	-0.02
-6171.05	-0.02
-6187.16	-0.02
-6202.82	-0.02
-6218.01	-0.02
-6232.74	-0.02
-6247.01	-0.02
-6260.81	-0.02
-6274.14	-0.02
-6287.01	-0.02
-6299.4	-0.02
-6311.32	-0.02
-6322.77	-0.02
-6333.74	-0.02
-6344.24	-0.02
-6354.25	-0.02
-6363.79	-0.02
-6372.84	-0.02
-6381.41	-0.02
-6389.49	-0.02
-6397.09	-0.02
-6404.2	-0.02
-6410.82	-0.02
-6416.96	-0.02
-6422.6	-0.02
-6427.75	-0.02
-6432.41	-0.02
-6436.57	-0.02
-6440.24	-0.02
-6443.42	-0.02
-6446.09	-0.02
-6448.27	-0.02
-6449.96	-0.02
-6451.14	-0.02
-6451.83	-0.02
-6452.01	-0.02
-6451.7	-0.02
-6450.88	-0.02
-6449.57	-0.02
-6447.75	-0.02
-6445.43	-0.02
-6442.61	-0.02
-6439.29	-0.02
-6435.46	-0.02
-6431.13	-0.02
-6426.3	-0.02
-6420.97	-0.02
-6415.13	-0.02
-6408.8	-0.02
-6401.95	-0.02
-6394.61	-0.02
-6386.77	-0.02
-6378.42	-0.02
-6369.57	-0.02
-6360.22	-0.02
-6350.37	-0.02
-6340.03	-0.02
-6329.18	-0.02
-6317.83	-0.02
-6305.98	-0.02
-6293.64	-0.02
-6280.8	-0.02
-6267.46	-0.02
-6253.63	-0.02
-6239.31	-0.02
-6224.49	-0.02
-6209.18	-0.02
-6193.38	-0.02
-6177.08	-0.02
-6160.3	-0.02
-6143.03	-0.02
-6125.27	-0.02
-6107.03	-0.02
-6088.31	-0.02
-6069.1	-0.02
-6049.41	-0.02
-6029.24	-0.02
-6008.59	-0.02
-5987.47	-0.02
-5965.87	-0.02
-5943.8	-0.02
-5921.26	-0.02
-5898.24	-0.02
-5874.76	-0.02
-5850.82	-0.02
-5826.41	-0.02
-5801.53	-0.02
-5776.2	-0.02
-5750.41	-0.02
-5724.16	-0.02
-5697.47	-0.02
-5670.31	-0.02
-5642.71	-0.02
-5614.67	-0.02
-5586.18	-0.02
-5557.24	-0.02
-5527.87	-0.02
-5498.06	-0.02
-5467.81	-0.02
-5437.14	-0.02
-5406.03	-0.02
-5374.5	-0.02
-5342.54	-0.02
-5310.17	-0.02
-5277.37	-0.02
-5244.16	-0.02
-5210.54	-0.02
-5176.51	-0.02
-5142.07	-0.02
-5107.22	-0.02
-5071.98	-0.02
-5036.34	-0.02
-5000.31	-0.02
-4963.88	-0.02
-4927.07	-0.02
-4889.88	-0.02
-4852.3	-0.02
-4814.34	-0.02
-4776.01	-0.02
-4737.32	-0.02
-4698.25	-0.02
-4658.82	-0.02
-4619.03	-0.02
-4578.88	-0.01
-4538.38	-0.01
-4497.54	-0.01
-4456.34	-0.01
-4414.81	-0.01
-4372.94	-0.01
-4330.73	-0.01
-4288.2	-0.01
-4245.34	-0.01
-4202.15	-0.01
-4158.65	-0.01
-4114.84	-0.01
-4070.71	-0.01
-4026.28	-0.01
-3981.55	-0.01
-3936.52	-0.01
-3891.2	-0.01
-3845.59	-0.01
-3799.69	-0.01
-3753.52	-0.01
-3707.07	-0.01
-3660.34	-0.01
-3613.35	-0.01
-3566.1	-0.01
-3518.59	-0.01
-3470.82	-0.01
-3422.81	-0.01
-3374.55	-0.01
-3326.05	-0.01
-3277.32	-0.01
-3228.36	-0.01
-3179.17	-0.01
-3129.75	-0.01
-3080.13	-0.01
-3030.29	-0.01
-2980.24	-0.01
-2929.99	-0.01
-2879.54	-0.01
-2828.91	-0.01
-2778.08	-0.01
-2727.07	-0.01
-2675.88	-0.01
-2624.52	-0.01
-2573.0	-0.01
-2521.31	-0.01
-2469.46	-0.0
-2417.46	-0.0
-2365.31	-0.0
-2313.02	-0.0
-2260.59	-0.0
-2208.03	-0.0
-2155.34	-0.0
-2102.53	-0.0
-2049.6	-0.0
-1996.56	-0.0
-1943.41	-0.0
-1890.17	-0.0
-1836.82	-0.0
-1783.39	-0.0
-1729.87	-0.0
-1676.27	-0.0
-1622.6	-0.0
-1568.85	-0.0
-1515.04	-0.0
-1461.18	0.0
-1407.26	0.0
-1353.29	0.0
-1299.27	0.0
-1245.22	0.0
-1191.14	0.0
-1137.03	0.0
-1082.9	0.0
-1028.75	0.0
-974.6	0.0
-920.44	0.0
-866.27	0.0
-812.12	0.0
-757.97	0.0
-703.84	0.0
-649.74	0.0
-595.66	0.0
-541.61	0.0
-487.61	0.0
-433.64	0.0
-379.73	0.01
-325.87	0.01
-272.07	0.01
-218.34	0.01
-164.67	0.01
-111.09	0.01
-57.58	0.01
-4.17	0.01
49.16	0.01
102.38	0.01
155.5	0.01
208.52	0.01
261.41	0.01
314.19	0.01
366.84	0.01
419.36	0.01
471.75	0.01
523.99	0.01
576.09	0.01
628.03	0.01
679.81	0.01
731.44	0.01
782.89	0.01
834.17	0.01
885.27	0.01
936.19	0.01
986.91	0.01
1037.45	0.01
1087.78	0.01
1137.9	0.01
1187.82	0.01
1237.52	0.01
1286.99	0.01
1336.25	0.01
1385.27	0.01
1434.05	0.01
1482.59	0.01
1530.88	0.01
1578.93	0.01
1626.71	0.01
1674.24	0.01
1721.49	0.02
1768.48	0.02
1815.18	0.02
1861.61	0.02
1907.74	0.02
1953.59	0.02
1999.14	0.02
2044.38	0.02
2089.33	0.02
2133.95	0.02
2178.27	0.02
2222.26	0.02
2265.92	0.02
2309.26	0.02
2352.26	0.02
2394.92	0.02
2437.24	0.02
2479.21	0.02
2520.82	0.02
2562.08	0.02
2602.97	0.02
2643.5	0.02
2683.65	0.02
2723.43	0.02
2762.83	0.02
2801.85	0.02
2840.47	0.02
2878.71	0.02
2916.54	0.02
2953.98	0.02
2991.01	0.02
3027.62	0.02
3063.83	0.02
3099.62	0.02
3134.98	0.02
3169.92	0.02
3204.43	0.02
3238.51	0.02
3272.15	0.02
3305.34	0.02
3338.1	0.02
3370.4	0.02
3402.25	0.02
3433.65	0.02
3464.58	0.02
3495.05	0.02
3525.06	0.02
3554.59	0.02
3583.65	0.02
3612.24	0.02
3640.34	0.02
3667.96	0.02
3695.09	0.02
3721.73	0.02
3747.88	0.02
3773.53	0.02
3798.68	0.03
3823.33	0.03
3847.48	0.03
3871.11	0.03
3894.24	0.03
3916.85	0.03
3938.94	0.03
3960.51	0.03
3981.56	0.03
4002.09	0.03
4022.09	0.03
4041.55	0.03
4060.49	0.03
4078.89	0.03
4096.75	0.03
4114.07	0.03
4130.85	0.03
4147.09	0.03
4162.78	0.03
4177.92	0.03
4192.51	0.03
4206.55	0.03
4220.03	0.03
4232.96	0.03
4245.33	0.03
4257.13	0.03
4268.38	0.03
4279.06	0.03
4289.18	0.03
4298.73	0.03
4307.71	0.03
4316.12	0.03
4323.96	0.03
4331.23	0.03
4337.92	0.03
4344.04	0.03
4349.58	0.03
4354.55	0.03
4358.93	0.03
4362.74	0.03
4365.97	0.03
4368.61	0.03
4370.67	0.03
4372.15	0.03
4373.05	0.03
4373.36	0.03
4373.08	0.03
4372.22	0.03
4370.78	0.03
4368.74	0.03
4366.12	0.03
4362.92	0.03
4359.12	0.03
4354.74	0.03
4349.77	0.03
4344.21	0.03
4338.06	0.03
4331.33	0.03
4324.0	0.03
4316.09	0.03
4307.59	0.03
4298.51	0.03
4288.84	0.03
4278.58	0.03
4267.73	0.03
4256.3	0.03
4244.28	0.03
4231.68	0.03
4218.5	0.03
4204.73	0.03
4190.38	0.03
4175.45	0.03
4159.94	0.03
4143.85	0.03
4127.18	0.03
4109.93	0.03
4092.1	0.03
4073.71	0.03
4054.73	0.03
4035.19	0.03
4015.07	0.03
3994.39	0.03
3973.13	0.03
3951.31	0.03
3928.93	0.03
3905.98	0.03
3882.47	0.03
3858.4	0.03
3833.77	0.03
3808.59	0.03
3782.85	0.02
3756.56	0.02
3729.72	0.02
3702.33	0.02
3674.4	0.02
3645.92	0.02
3616.9	0.02
3587.35	0.02
3557.26	0.02
3526.63	0.02
3495.47	0.02
3463.79	0.02
3431.58	0.02
3398.84	0.02
3365.59	0.02
3331.82	0.02
3297.53	0.02
3262.73	0.02
3227.42	0.02
3191.61	0.02
3155.29	0.02
3118.48	0.02
3081.16	0.02
3043.36	0.02
3005.06	0.02
2966.28	0.02
2927.01	0.02
2887.27	0.02
2847.05	0.02
2806.35	0.02
2765.19	0.02
2723.56	0.02
2681.47	0.02
2638.93	0.02
2595.93	0.02
2552.47	0.02
2508.58	0.02
2464.24	0.02
2419.46	0.02
2374.24	0.02
2328.6	0.02
2282.53	0.02
2236.04	0.02
2189.13	0.02
2141.81	0.02
2094.08	0.02
2045.95	0.02
1997.41	0.02
1948.48	0.02
1899.16	0.02
1849.45	0.02
1799.36	0.02
1748.89	0.02
1698.05	0.02
1646.84	0.01
1595.27	0.01
1543.34	0.01
1491.05	0.01
1438.42	0.01
1385.44	0.01
1332.13	0.01
1278.48	0.01
1224.5	0.01
1170.2	0.01
1115.58	0.01
1060.64	0.01
1005.4	0.01
949.86	0.01
894.02	0.01
837.88	0.01
781.46	0.01
724.76	0.01
667.78	0.01
610.53	0.01
553.02	0.01
495.24	0.01
437.21	0.01
378.93	0.01
320.41	0.01
261.65	0.01
202.66	0.01
143.45	0.01
84.01	0.01
24.36	0.01
-35.5	0.01
-95.57	0.01
-155.83	0.01
-216.28	0.01
-276.92	0.01
-337.74	0.01
-398.73	0.01
-459.89	0.0
-521.21	0.0
-582.68	0.0
-644.31	0.0
-706.08	0.0
-767.99	0.0
-830.03	0.0
-892.2	0.0
-954.48	0.0
-1016.88	0.0
-1079.39	0.0
-1141.99	0.0
-1204.69	0.0
-1267.49	0.0
-1330.36	0.0
-1393.31	0.0
-1456.33	0.0
-1519.41	-0.0
-1582.55	-0.0
-1645.74	-0.0
-1708.98	-0.0
-1772.26	-0.0
-1835.56	-0.0
-1898.9	-0.0
-1962.25	-0.0
-2025.62	-0.0
-2088.99	-0.0
-2152.37	-0.0
-2215.74	-0.0
-2279.09	-0.0
-2342.43	-0.0
-2405.74	-0.0
-2469.03	-0.0
-2532.27	-0.01
-2595.47	-0.01
-2658.62	-0.01
-2721.72	-0.01
-2784.75	-0.01
-2847.71	-0.01
-2910.6	-0.01
-2973.4	-0.01
-3036.12	-0.01
-3098.74	-0.01
-3161.25	-0.01
-3223.66	-0.01
-3285.96	-0.01
-3348.14	-0.01
-3410.19	-0.01
-3472.1	-0.01
-3533.88	-0.01
-3595.51	-0.01
-3656.99	-0.01
-3718.31	-0.01
-3779.47	-0.01
-3840.45	-0.01
-3901.26	-0.01
-3961.88	-0.01
-4022.32	-0.01
-4082.55	-0.01
-4142.59	-0.01
-4202.41	-0.01
-4262.03	-0.01
-4321.42	-0.01
-4380.58	-0.01
-4439.51	-0.01
-4498.2	-0.01
-4556.64	-0.01
-4614.84	-0.02
-4672.77	-0.02
-4730.44	-0.02
-4787.84	-0.02
-4844.97	-0.02
-4901.81	-0.02
-4958.37	-0.02
-5014.63	-0.02
-5070.59	-0.02
-5126.25	-0.02
-5181.59	-0.02
-5236.62	-0.02
-5291.32	-0.02
-5345.69	-0.02
-5399.73	-0.02
-5453.43	-0.02
-5506.78	-0.02
-5559.78	-0.02
-5612.42	-0.02
-5664.7	-0.02
-5716.61	-0.02
-5768.14	-0.02
-5819.3	-0.02
-5870.07	-0.02
-5920.44	-0.02
-5970.42	-0.02
-6020.0	-0.02
-6069.17	-0.02
-6117.93	-0.02
-6166.27	-0.02
-6214.19	-0.02
-6261.68	-0.02
-6308.73	-0.02
-6355.35	-0.02
-6401.52	-0.02
-6447.25	-0.02
-6492.51	-0.02
-6537.32	-0.02
-6581.67	-0.02
-6625.55	-0.02
-6668.95	-0.02
-6711.87	-0.02
-6754.31	-0.03
-6796.27	-0.03
-6837.73	-0.03
-6878.69	-0.03
-6919.15	-0.03
-6959.1	-0.03
-6998.54	-0.03
-7037.47	-0.03
-7075.88	-0.03
-7113.76	-0.03
-7151.11	-0.03
-7187.93	-0.03
-7224.21	-0.03
-7259.96	-0.03
-7295.15	-0.03
-7329.8	-0.03
-7363.89	-0.03
-7397.42	-0.03
-7430.4	-0.03
-7462.8	-0.03
-7494.64	-0.03
-7525.91	-0.03
-7556.59	-0.03
-7586.7	-0.03
-7616.23	-0.03
-7645.16	-0.03
-7673.51	-0.03
-7701.26	-0.03
-7728.41	-0.03
-7754.96	-0.03
-7780.91	-0.03
-7806.25	-0.03
-7830.98	-0.03
-7855.09	-0.03
-7878.59	-0.03
-7901.47	-0.03
-7923.72	-0.03
-7945.35	-0.03
-7966.35	-0.03
-7986.72	-0.03
-8006.46	-0.03
-8025.56	-0.03
-8044.02	-0.03
-8061.84	-0.03
-8079.01	-0.03
-8095.54	-0.03
-8111.42	-0.03
-8126.65	-0.03
-8141.22	-0.03
-8155.14	-0.03
-8168.41	-0.03
-8181.01	-0.03
-8192.95	-0.03
-8204.23	-0.03
-8214.85	-0.03
-8224.8	-0.03
-8234.08	-0.03
-8242.69	-0.03
-8250.63	-0.03
-8257.89	-0.03
-8264.49	-0.03
-8270.4	-0.03
-8275.64	-0.03
-8280.21	-0.03
-8284.09	-0.03
-8287.29	-0.03
-8289.81	-0.03
-8291.65	-0.03
-8292.81	-0.03
-8293.28	-0.03
-8293.07	-0.03
-8292.17	-0.03
-8290.59	-0.03
-8288.32	-0.03
-8285.36	-0.03
-8281.72	-0.03
-8277.39	-0.03
-8272.37	-0.03
-8266.66	-0.03
-8260.27	-0.03
-8253.19	-0.03
-8245.41	-0.03
-8236.96	-0.03
-8227.81	-0.03
-8217.97	-0.03
-8207.45	-0.03
-8196.24	-0.03
-8184.35	-0.03
-8171.77	-0.03
-8158.5	-0.03
-8144.55	-0.03
-8129.92	-0.03
-8114.6	-0.03
-8098.6	-0.03
-8081.91	-0.03
-8064.55	-0.03
-8046.51	-0.03
-8027.79	-0.03
-8008.39	-0.03
-7988.32	-0.03
-7967.57	-0.03
-7946.15	-0.03
-7924.05	-0.03
-7901.29	-0.03
-7877.86	-0.03
-7853.76	-0.03
-7829.0	-0.03
-7803.57	-0.03
-7777.48	-0.03
-7750.74	-0.03
-7723.33	-0.03
-7695.27	-0.03
-7666.56	-0.03
-7637.2	-0.03
-7607.18	-0.03
-7576.53	-0.03
-7545.22	-0.03
-7513.28	-0.03
-7480.7	-0.03
-7447.48	-0.03
-7413.63	-0.03
-7379.14	-0.03
-7344.03	-0.03
-7308.3	-0.03
-7271.94	-0.03
-7234.96	-0.03
-7197.37	-0.03
-7159.17	-0.03
-7120.35	-0.03
-7080.93	-0.03
-7040.91	-0.03
-7000.28	-0.03
-6959.07	-0.03
-6917.25	-0.03
-6874.85	-0.03
-6831.87	-0.03
-6788.3	-0.03
-6744.16	-0.03
-6699.44	-0.02
-6654.15	-0.02
-6608.3	-0.02
-6561.88	-0.02
-6514.91	-0.02
-6467.38	-0.02
-6419.3	-0.02
-6370.68	-0.02
-6321.52	-0.02
-6271.82	-0.02
-6221.59	-0.02
-6170.83	-0.02
-6119.55	-0.02
-6067.75	-0.02
-6015.43	-0.02
-5962.61	-0.02
-5909.29	-0.02
-5855.46	-0.02
-5801.14	-0.02
-5746.33	-0.02
-5691.04	-0.02
-5635.26	-0.02
-5579.02	-0.02
-5522.3	-0.02
-5465.12	-0.02
-5407.48	-0.02
-5349.39	-0.02
-5290.85	-0.02
-5231.86	-0.02
-5172.45	-0.02
-5112.59	-0.02
-5052.32	-0.02
-4991.62	-0.02
-4930.51	-0.02
-4868.99	-0.02
-4807.06	-0.02
-4744.74	-0.02
-4682.03	-0.02
-4618.93	-0.02
-4555.46	-0.01
-4491.61	-0.01
-4427.39	-0.01
-4362.81	-0.01
-4297.87	-0.01
-4232.59	-0.01
-4166.96	-0.01
-4100.99	-0.01
-4034.7	-0.01
-3968.08	-0.01
-3901.14	-0.01
-3833.89	-0.01
-3766.34	-0.01
-3698.49	-0.01
-3630.34	-0.01
-3561.91	-0.01
-3493.2	-0.01
-3424.22	-0.01
-3354.97	-0.01
-3285.47	-0.01
-3215.71	-0.01
-3145.71	-0.01
-3075.46	-0.01
-3004.99	-0.01
-2934.29	-0.01
-2863.37	-0.01
-2792.24	-0.01
-2720.91	-0.01
-2649.38	-0.01
-2577.66	-0.01
-2505.75	-0.0
-2433.67	-0.0
-2361.42	-0.0
-2289.01	-0.0
-2216.44	-0.0
-2143.72	-0.0
-2070.86	-0.0
-1997.87	-0.0
-1924.76	-0.0
-1851.52	-0.0
-1778.17	-0.0
-1704.71	-0.0
-1631.16	-0.0
-1557.52	-0.0
-1483.79	-0.0
-1409.99	0.0
-1336.12	0.0
-1262.19	0.0
-1188.21	0.0
-1114.17	0.0
-1040.1	0.0
-966.0	0.0
-891.88	0.0
-817.73	0.0
-743.58	0.0
-669.43	0.0
-595.28	0.0
-521.14	0.0
-447.03	0.0
-372.94	0.01
-298.89	0.01
-224.88	0.01
-150.92	0.01
-77.01	0.01
-3.18	0.01
70.59	0.01
144.27	0.01
217.87	0.01
291.37	0.01
364.77	0.01
438.06	0.01
511.23	0.01
584.28	0.01
657.19	0.01
729.97	0.01
802.59	0.01
875.07	0.01
947.38	0.01
1019.52	0.01
1091.48	0.01
1163.26	0.01
1234.85	0.01
1306.24	0.01
1377.42	0.01
1448.39	0.01
1519.14	0.01
1589.66	0.01
1659.95	0.01
1729.99	0.02
1799.78	0.02
1869.31	0.02
1938.58	0.02
2007.58	0.02
2076.3	0.02
2144.73	0.02
2212.87	0.02
2280.71	0.02
2348.24	0.02
2415.45	0.02
2482.34	0.02
2548.91	0.02
2615.14	0.02
2681.02	0.02
2746.56	0.02
2811.74	0.02
2876.55	0.02
2941.0	0.02
3005.07	0.02
3068.75	0.02
3132.04	0.02
3194.94	0.02
3257.43	0.02
3319.51	0.02
3381.17	0.02
3442.41	0.02
3503.22	0.02
3563.59	0.02
3623.52	0.02
3682.99	0.02
3742.01	0.02
3800.57	0.03
3858.65	0.03
3916.27	0.03
3973.39	0.03
4030.04	0.03
4086.18	0.03
4141.83	0.03
4196.97	0.03
4251.6	0.03
4305.7	0.03
4359.29	0.03
4412.34	0.03
4464.86	0.03
4516.83	0.03
4568.26	0.03
4619.14	0.03
4669.45	0.03
4719.2	0.03
4768.38	0.03
4816.98	0.03
4865.01	0.03
4912.44	0.03
4959.29	0.03
5005.53	0.03
5051.18	0.03
5096.21	0.03
5140.63	0.03
5184.44	0.03
5227.62	0.03
5270.18	0.03
5312.1	0.03
5353.38	0.03
5394.02	0.03
5434.02	0.03
5473.36	0.03
5512.05	0.03
5550.07	0.03
5587.43	0.03
5624.12	0.03
5660.14	0.03
5695.47	0.03
5730.13	0.03
5764.1	0.03
5797.37	0.03
5829.95	0.03
5861.84	0.03
5893.02	0.04
5923.49	0.04
5953.25	0.04
5982.3	0.04
6010.63	0.04
6038.24	0.04
6065.13	0.04
6091.28	0.04
6116.71	0.04
6141.4	0.04
6165.35	0.04
6188.56	0.04
6211.03	0.04
6232.75	0.04
6253.72	0.04
6273.93	0.04
6293.39	0.04
6312.09	0.04
6330.04	0.04
6347.21	0.04
6363.62	0.04
6379.26	0.04
6394.14	0.04
6408.23	0.04
6421.56	0.04
6434.1	0.04
6445.86	0.04
6456.85	0.04
6467.05	0.04
6476.46	0.04
6485.09	0.04
6492.93	0.04
6499.98	0.04
6506.24	0.04
6511.7	0.04
6516.37	0.04
6520.25	0.04
6523.32	0.04
6525.6	0.04
6527.08	0.04
6527.76	0.04
6527.64	0.04
6526.72	0.04
6525.0	0.04
6522.47	0.04
6519.14	0.04
6515.0	0.04
6510.06	0.04
6504.32	0.04
6497.77	0.04
6490.42	0.04
6482.26	0.04
6473.29	0.04
6463.52	0.04
6452.95	0.04
6441.57	0.04
6429.39	0.04
6416.4	0.04
6402.61	0.04
6388.02	0.04
6372.62	0.04
6356.43	0.04
6339.43	0.04
6321.63	0.04
6303.04	0.04
6283.64	0.04
6263.45	0.04
6242.47	0.04
6220.69	0.04
6198.12	0.04
6174.76	0.04
6150.61	0.04
6125.67	0.04
6099.94	0.04
6073.43	0.04
6046.14	0.04
6018.07	0.04
5989.21	0.04
5959.59	0.04
5929.18	0.04
5898.01	0.04
5866.07	0.03
5833.36	0.03
5799.88	0.03
5765.64	0.03
5730.65	0.03
5694.89	0.03
5658.39	0.03
5621.13	0.03
5583.12	0.03
5544.37	0.03
5504.88	0.03
5464.65	0.03
5423.69	0.03
5381.99	0.03
5339.56	0.03
5296.41	0.03
5252.54	0.03
5207.95	0.03
5162.65	0.03
5116.64	0.03
5069.92	0.03
5022.5	0.03
4974.38	0.03
4925.56	0.03
4876.06	0.03
4825.87	0.03
4775.0	0.03
4723.46	0.03
4671.24	0.03
4618.36	0.03
4564.81	0.03
4510.6	0.03
4455.74	0.03
4400.23	0.03
4344.08	0.03
4287.29	0.03
4229.87	0.03
4171.81	0.03
4113.14	0.03
4053.84	0.03
3993.94	0.03
3933.42	0.03
3872.31	0.03
3810.59	0.03
3748.29	0.02
3685.4	0.02
3621.93	0.02
3557.89	0.02
3493.28	0.02
3428.11	0.02
3362.39	0.02
3296.11	0.02
3229.29	0.02
3161.93	0.02
3094.04	0.02
3025.63	0.02
2956.7	0.02
2887.25	0.02
2817.3	0.02
2746.85	0.02
2675.91	0.02
2604.48	0.02
2532.57	0.02
2460.19	0.02
2387.34	0.02
2314.03	0.02
2240.27	0.02
2166.07	0.02
2091.43	0.02
2016.35	0.02
1940.86	0.02
1864.94	0.02
1788.62	0.02
1711.89	0.02
1634.77	0.01
1557.26	0.01
1479.37	0.01
1401.1	0.01
1322.47	0.01
1243.49	0.01
1164.15	0.01
1084.47	0.01
1004.45	0.01
924.11	0.01
843.44	0.01
762.47	0.01
681.19	0.01
599.61	0.01
517.74	0.01
435.6	0.01
353.18	0.01
270.5	0.01
187.56	0.01
104.37	0.01
20.94	0.01
-62.72	0.01
-146.61	0.01
-230.71	0.01
-315.02	0.01
-399.53	0.01
-484.23	0.0
-569.11	0.0
-654.17	0.0
-739.39	0.0
-824.78	0.0
-910.31	0.0
-995.98	0.0
-1081.78	0.0
-1167.71	0.0
-1253.76	0.0
-1339.91	0.0
-1426.16	0.0
-1512.5	-0.0
-1598.92	-0.0
-1685.42	-0.0
-1771.98	-0.0
-1858.59	-0.0
-1945.26	-0.0
-2031.96	-0.0
-2118.69	-0.0
-2205.44	-0.0
-2292.2	-0.0
-2378.97	-0.0
-2465.73	-0.0
-2552.48	-0.01
-2639.21	-0.01
-2725.9	-0.01
-2812.56	-0.01
-2899.16	-0.01
-2985.71	-0.01
-3072.2	-0.01
-3158.6	-0.01
-3244.93	-0.01
-3331.16	-0.01
-3417.29	-0.01
-3503.31	-0.01
-3589.22	-0.01
-3674.99	-0.01
-3760.63	-0.01
-3846.13	-0.01
-3931.47	-0.01
-4016.65	-0.01
-4101.66	-0.01
-4186.49	-0.01
-4271.13	-0.01
-4355.57	-0.01
-4439.81	-0.01
-4523.84	-0.01
-4607.64	-0.01
-4691.21	-0.02
-4774.54	-0.02
-4857.62	-0.02
-4940.44	-0.02
-5023.0	-0.02
-5105.28	-0.02
-5187.28	-0.02
-5268.99	-0.02
-5350.4	-0.02
-5431.5	-0.02
-5512.29	-0.02
-5592.75	-0.02
-5672.87	-0.02
-5752.65	-0.02
-5832.09	-0.02
-5911.16	-0.02
-5989.87	-0.02
-6068.2	-0.02
-6146.15	-0.02
-6223.7	-0.02
-6300.86	-0.02
-6377.61	-0.02
-6453.94	-0.02
-6529.85	-0.02
-6605.33	-0.02
-6680.36	-0.02
-6754.95	-0.03
-6829.08	-0.03
-6902.75	-0.03
-6975.95	-0.03
-7048.66	-0.03
-7120.89	-0.03
-7192.63	-0.03
-7263.86	-0.03
-7334.58	-0.03
-7404.78	-0.03
-7474.46	-0.03
-7543.6	-0.03
-7612.2	-0.03
-7680.26	-0.03
-7747.76	-0.03
-7814.69	-0.03
-7881.06	-0.03
-7946.85	-0.03
-8012.05	-0.03
-8076.67	-0.03
-8140.68	-0.03
-8204.09	-0.03
-8266.89	-0.03
-8329.06	-0.03
-8390.61	-0.03
-8451.53	-0.03
-8511.81	-0.03
-8571.44	-0.03
-8630.42	-0.03
-8688.73	-0.03
-8746.38	-0.03
-8803.36	-0.03
-8859.66	-0.04
-8915.28	-0.04
-8970.2	-0.04
-9024.42	-0.04
-9077.94	-0.04
-9130.75	-0.04
-9182.85	-0.04
-9234.22	-0.04
-9284.86	-0.04
-9334.77	-0.04
-9383.94	-0.04
-9432.37	-0.04
-9480.04	-0.04
-9526.96	-0.04
-9573.11	-0.04
-9618.5	-0.04
-9663.12	-0.04
-9706.96	-0.04
-9750.01	-0.04
-9792.28	-0.04
-9833.75	-0.04
-9874.43	-0.04
-9914.3	-0.04
-9953.37	-0.04
-9991.62	-0.04
-10029.06	-0.04
-10065.67	-0.04
-10101.46	-0.04
-10136.42	-0.04
-10170.54	-0.04
-10203.83	-0.04
-10236.27	-0.04
-10267.86	-0.04
-10298.6	-0.04
-10328.49	-0.04
-10357.51	-0.04
-10385.68	-0.04
-10412.98	-0.04
-10439.4	-0.04
-10464.96	-0.04
-10489.63	-0.04
-10513.43	-0.04
-10536.34	-0.04
-10558.36	-0.04
-10579.5	-0.04
-10599.74	-0.04
-10619.08	-0.04
-10637.53	-0.04
-10655.07	-0.04
-10671.71	-0.04
-10687.44	-0.04
-10702.27	-0.04
-10716.18	-0.04
-10729.18	-0.04
-10741.26	-0.04
-10752.42	-0.04
-10762.66	-0.04
-10771.98	-0.04
-10780.38	-0.04
-10787.85	-0.04
-10794.39	-0.04
-10800.0	-0.04
-10804.68	-0.04
-10808.43	-0.04
-10811.25	-0.04
-10813.13	-0.04
-10814.07	-0.04
-10814.08	-0.04
-10813.15	-0.04
-10811.29	-0.04
-10808.48	-0.04
-10804.73	-0.04
-10800.04	-0.04
-10794.41	-0.04
-10787.84	-0.04
-10780.33	-0.04
-10771.87	-0.04
-10762.48	-0.04
-10752.14	-0.04
-10740.86	-0.04
-10728.63	-0.04
-10715.47	-0.04
-10701.36	-0.04
-10686.32	-0.04
-10670.33	-0.04
-10653.41	-0.04
-10635.54	-0.04
-10616.74	-0.04
-10597.0	-0.04
-10576.33	-0.04
-10554.72	-0.04
-10532.17	-0.04
-10508.7	-0.04
-10484.29	-0.04
-10458.96	-0.04
-10432.69	-0.04
-10405.51	-0.04
-10377.39	-0.04
-10348.36	-0.04
-10318.4	-0.04
-10287.53	-0.04
-10255.74	-0.04
-10223.04	-0.04
-10189.43	-0.04
-10154.9	-0.04
-10119.47	-0.04
-10083.14	-0.04
-10045.91	-0.04
-10007.78	-0.04
-9968.75	-0.04
-9928.83	-0.04
-9888.02	-0.04
-9846.33	-0.04
-9803.75	-0.04
-9760.3	-0.04
-9715.97	-0.04
-9670.77	-0.04
-9624.69	-0.04
-9577.76	-0.04
-9529.96	-0.04
-9481.31	-0.04
-9431.8	-0.04
-9381.45	-0.04
-9330.25	-0.04
-9278.21	-0.04
-9225.33	-0.04
-9171.62	-0.04
-9117.09	-0.04
-9061.73	-0.04
-9005.56	-0.04
-8948.57	-0.04
-8890.78	-0.04
-8832.18	-0.04
-8772.79	-0.03
-8712.6	-0.03
-8651.63	-0.03
-8589.87	-0.03
-8527.34	-0.03
-8464.03	-0.03
-8399.96	-0.03
-8335.13	-0.03
-8269.55	-0.03
-8203.22	-0.03
-8136.15	-0.03
-8068.34	-0.03
-7999.79	-0.03
-7930.53	-0.03
-7860.55	-0.03
-7789.85	-0.03
-7718.45	-0.03
-7646.35	-0.03
-7573.56	-0.03
-7500.09	-0.03
-7425.93	-0.03
-7351.11	-0.03
-7275.61	-0.03
-7199.46	-0.03
-7122.66	-0.03
-7045.21	-0.03
-6967.13	-0.03
-6888.41	-0.03
-6809.07	-0.03
-6729.12	-0.03
-6648.56	-0.02
-6567.4	-0.02
-6485.64	-0.02
-6403.3	-0.02
-6320.38	-0.02
-6236.9	-0.02
-6152.84	-0.02
-6068.24	-0.02
-5983.09	-0.02
-5897.4	-0.02
-5811.18	-0.02
-5724.43	-0.02
-5637.18	-0.02
-5549.41	-0.02
-5461.15	-0.02
-5372.4	-0.02
-5283.17	-0.02
-5193.47	-0.02
-5103.3	-0.02
-5012.68	-0.02
-4921.61	-0.02
-4830.11	-0.02
-4738.17	-0.02
-4645.81	-0.02
-4553.04	-0.01
-4459.87	-0.01
-4366.31	-0.01
-4272.36	-0.01
-4178.04	-0.01
-4083.34	-0.01
-3988.29	-0.01
-3892.9	-0.01
-3797.16	-0.01
-3701.09	-0.01
-3604.71	-0.01
-3508.01	-0.01
-3411.01	-0.01
-3313.72	-0.01
-3216.14	-0.01
-3118.29	-0.01
-3020.18	-0.01
-2921.81	-0.01
-2823.2	-0.01
-2724.36	-0.01
-2625.29	-0.01
-2526.0	-0.01
-2426.5	-0.0
-2326.82	-0.0
-2226.94	-0.0
-2126.89	-0.0
-2026.67	-0.0
-1926.29	-0.0
-1825.77	-0.0
-1725.11	-0.0
-1624.32	-0.0
-1523.42	-0.0
