-1150.422	-1150.422	-1150.422	-1150.422	-1150.422	-1150.422	-1150.422	-1150.422	-1150.422	-1150.422	-1150.422	-1150.422	-1150.422	-1150.422	-1150.422	-1150.422	-1150.422	-1150.422	-1150.422	-1150.422	-1150.422	-1150.422	-1150.422	-1150.422	-1150.422	-1150.422	-1150.422	-1150.422
-1019.502923076923	-1019.502923076923	-1019.502923076923	-1019.502923076923	-1019.502923076923	-1019.502923076923	-1019.502923076923	-1019.502923076923	-1019.502923076923	-1019.502923076923	-1019.502923076923	-1019.502923076923	-1019.502923076923	-1019.502923076923	-1019.502923076923	-1019.502923076923	-1019.502923076923	-1019.502923076923	-1019.502923076923	-1019.502923076923	-1019.502923076923	-1019.502923076923	-1019.502923076923	-1019.502923076923	-1019.502923076923	-1019.502923076923	-1019.502923076923	-1019.502923076923
-888.583846153846	-888.583846153846	-888.583846153846	-888.583846153846	-888.583846153846	-888.583846153846	-888.583846153846	-888.583846153846	-888.583846153846	-888.583846153846	-888.583846153846	-888.583846153846	-888.583846153846	-888.583846153846	-888.583846153846	-888.583846153846	-888.583846153846	-888.583846153846	-888.583846153846	-888.583846153846	-888.583846153846	-888.583846153846	-888.583846153846	-888.583846153846	-888.583846153846	-888.583846153846	-888.583846153846	-888.583846153846
-757.664769230769	-757.664769230769	-757.664769230769	-757.664769230769	-757.664769230769	-757.664769230769	-757.664769230769	-757.664769230769	-757.664769230769	-757.664769230769	-757.664769230769	-757.664769230769	-757.664769230769	-757.664769230769	-757.664769230769	-757.664769230769	-757.664769230769	-757.664769230769	-757.664769230769	-757.664769230769	-757.664769230769	-757.664769230769	-757.664769230769	-757.664769230769	-757.664769230769	-757.664769230769	-757.664769230769	-757.664769230769
-626.7456923076921	-626.7456923076921	-626.7456923076921	-626.7456923076921	-626.7456923076921	-626.7456923076921	-626.7456923076921	-626.7456923076921	-626.7456923076921	-626.7456923076921	-626.7456923076921	-626.7456923076921	-626.7456923076921	-626.7456923076921	-626.7456923076921	-626.7456923076921	-626.7456923076921	-626.7456923076921	-626.7456923076921	-626.7456923076921	-626.7456923076921	-626.7456923076921	-626.7456923076921	-626.7456923076921	-626.7456923076921	-626.7456923076921	-626.7456923076921	-626.7456923076921
-495.8266153846151	-495.8266153846151	-495.8266153846151	-495.8266153846151	-495.8266153846151	-495.8266153846151	-495.8266153846151	-495.8266153846151	-495.8266153846151	-495.8266153846151	-495.8266153846151	-495.8266153846151	-495.8266153846151	-495.8266153846151	-495.8266153846151	-495.8266153846151	-495.8266153846151	-495.8266153846151	-495.8266153846151	-495.8266153846151	-495.8266153846151	-495.8266153846151	-495.8266153846151	-495.8266153846151	-495.8266153846151	-495.8266153846151	-495.8266153846151	-495.8266153846151
-364.9075384615383	-364.9075384615383	-364.9075384615383	-364.9075384615383	-364.9075384615383	-364.9075384615383	-364.9075384615383	-364.9075384615383	-364.9075384615383	-364.9075384615383	-364.9075384615383	-364.9075384615383	-364.9075384615383	-364.9075384615383	-364.9075384615383	-364.9075384615383	-364.9075384615383	-364.9075384615383	-364.9075384615383	-364.9075384615383	-364.9075384615383	-364.9075384615383	-364.9075384615383	-364.9075384615383	-364.9075384615383	-364.9075384615383	-364.9075384615383	-364.9075384615383
-233.9884615384613	-233.9884615384613	-233.9884615384613	-233.9884615384613	-233.9884615384613	-233.9884615384613	-233.9884615384613	-233.9884615384613	-233.9884615384613	-233.9884615384613	-233.9884615384613	-233.9884615384613	-233.9884615384613	-233.9884615384613	-233.9884615384613	-233.9884615384613	-233.9884615384613	-233.9884615384613	-233.9884615384613	-233.9884615384613	-233.9884615384613	-233.9884615384613	-233.9884615384613	-233.9884615384613	-233.9884615384613	-233.9884615384613	-233.9884615384613	-233.9884615384613
-103.0693846153845	-103.0693846153845	-103.0693846153845	-103.0693846153845	-103.0693846153845	-103.0693846153845	-103.0693846153845	-103.0693846153845	-103.0693846153845	-103.0693846153845	-103.0693846153845	-103.0693846153845	-103.0693846153845	-103.0693846153845	-103.0693846153845	-103.0693846153845	-103.0693846153845	-103.0693846153845	-103.0693846153845	-103.0693846153845	-103.0693846153845	-103.0693846153845	-103.0693846153845	-103.0693846153845	-103.0693846153845	-103.0693846153845	-103.0693846153845	-103.0693846153845
27.84969230769252	27.84969230769252	27.84969230769252	27.84969230769252	27.84969230769252	27.84969230769252	27.84969230769252	27.84969230769252	27.84969230769252	27.84969230769252	27.84969230769252	27.84969230769252	27.84969230769252	27.84969230769252	27.84969230769252	27.84969230769252	27.84969230769252	27.84969230769252	27.84969230769252	27.84969230769252	27.84969230769252	27.84969230769252	27.84969230769252	27.84969230769252	27.84969230769252	27.84969230769252	27.84969230769252	27.84969230769252
158.7687692307695	158.7687692307695	158.7687692307695	158.7687692307695	158.7687692307695	158.7687692307695	158.7687692307695	158.7687692307695	158.7687692307695	158.7687692307695	158.7687692307695	158.7687692307695	158.7687692307695	158.7687692307695	158.7687692307695	158.7687692307695	158.7687692307695	158.7687692307695	158.7687692307695	158.7687692307695	158.7687692307695	158.7687692307695	158.7687692307695	158.7687692307695	158.7687692307695	158.7687692307695	158.7687692307695	158.7687692307695
289.6878461538463	289.6878461538463	289.6878461538463	289.6878461538463	289.6878461538463	289.6878461538463	289.6878461538463	289.6878461538463	289.6878461538463	289.6878461538463	289.6878461538463	289.6878461538463	289.6878461538463	289.6878461538463	289.6878461538463	289.6878461538463	289.6878461538463	289.6878461538463	289.6878461538463	289.6878461538463	289.6878461538463	289.6878461538463	289.6878461538463	289.6878461538463	289.6878461538463	289.6878461538463	289.6878461538463	289.6878461538463
420.6069230769233	420.6069230769233	420.6069230769233	420.6069230769233	420.6069230769233	420.6069230769233	420.6069230769233	420.6069230769233	420.6069230769233	420.6069230769233	420.6069230769233	420.6069230769233	420.6069230769233	420.6069230769233	420.6069230769233	420.6069230769233	420.6069230769233	420.6069230769233	420.6069230769233	420.6069230769233	420.6069230769233	420.6069230769233	420.6069230769233	420.6069230769233	420.6069230769233	420.6069230769233	420.6069230769233	420.6069230769233
551.5260000000001	551.5260000000001	551.5260000000001	551.5260000000001	551.5260000000001	551.5260000000001	551.5260000000001	551.5260000000001	551.5260000000001	551.5260000000001	551.5260000000001	551.5260000000001	551.5260000000001	551.5260000000001	551.5260000000001	551.5260000000001	551.5260000000001	551.5260000000001	551.5260000000001	551.5260000000001	551.5260000000001	551.5260000000001	551.5260000000001	551.5260000000001	551.5260000000001	551.5260000000001	551.5260000000001	551.5260000000001
682.4450769230773	682.4450769230773	682.4450769230773	682.4450769230773	682.4450769230773	682.4450769230773	682.4450769230773	682.4450769230773	682.4450769230773	682.4450769230773	682.4450769230773	682.4450769230773	682.4450769230773	682.4450769230773	682.4450769230773	682.4450769230773	682.4450769230773	682.4450769230773	682.4450769230773	682.4450769230773	682.4450769230773	682.4450769230773	682.4450769230773	682.4450769230773	682.4450769230773	682.4450769230773	682.4450769230773	682.4450769230773
813.3641538461541	813.3641538461541	813.3641538461541	813.3641538461541	813.3641538461541	813.3641538461541	813.3641538461541	813.3641538461541	813.3641538461541	813.3641538461541	813.3641538461541	813.3641538461541	813.3641538461541	813.3641538461541	813.3641538461541	813.3641538461541	813.3641538461541	813.3641538461541	813.3641538461541	813.3641538461541	813.3641538461541	813.3641538461541	813.3641538461541	813.3641538461541	813.3641538461541	813.3641538461541	813.3641538461541	813.3641538461541
944.2832307692308	944.2832307692308	944.2832307692308	944.2832307692308	944.2832307692308	944.2832307692308	944.2832307692308	944.2832307692308	944.2832307692308	944.2832307692308	944.2832307692308	944.2832307692308	944.2832307692308	944.2832307692308	944.2832307692308	944.2832307692308	944.2832307692308	944.2832307692308	944.2832307692308	944.2832307692308	944.2832307692308	944.2832307692308	944.2832307692308	944.2832307692308	944.2832307692308	944.2832307692308	944.2832307692308	944.2832307692308
1075.202307692308	1075.202307692308	1075.202307692308	1075.202307692308	1075.202307692308	1075.202307692308	1075.202307692308	1075.202307692308	1075.202307692308	1075.202307692308	1075.202307692308	1075.202307692308	1075.202307692308	1075.202307692308	1075.202307692308	1075.202307692308	1075.202307692308	1075.202307692308	1075.202307692308	1075.202307692308	1075.202307692308	1075.202307692308	1075.202307692308	1075.202307692308	1075.202307692308	1075.202307692308	1075.202307692308	1075.202307692308
1206.121384615385	1206.121384615385	1206.121384615385	1206.121384615385	1206.121384615385	1206.121384615385	1206.121384615385	1206.121384615385	1206.121384615385	1206.121384615385	1206.121384615385	1206.121384615385	1206.121384615385	1206.121384615385	1206.121384615385	1206.121384615385	1206.121384615385	1206.121384615385	1206.121384615385	1206.121384615385	1206.121384615385	1206.121384615385	1206.121384615385	1206.121384615385	1206.121384615385	1206.121384615385	1206.121384615385	1206.121384615385
1337.040461538462	1337.040461538462	1337.040461538462	1337.040461538462	1337.040461538462	1337.040461538462	1337.040461538462	1337.040461538462	1337.040461538462	1337.040461538462	1337.040461538462	1337.040461538462	1337.040461538462	1337.040461538462	1337.040461538462	1337.040461538462	1337.040461538462	1337.040461538462	1337.040461538462	1337.040461538462	1337.040461538462	1337.040461538462	1337.040461538462	1337.040461538462	1337.040461538462	1337.040461538462	1337.040461538462	1337.040461538462
1467.959538461539	1467.959538461539	1467.959538461539	1467.959538461539	1467.959538461539	1467.959538461539	1467.959538461539	1467.959538461539	1467.959538461539	1467.959538461539	1467.959538461539	1467.959538461539	1467.959538461539	1467.959538461539	1467.959538461539	1467.959538461539	1467.959538461539	1467.959538461539	1467.959538461539	1467.959538461539	1467.959538461539	1467.959538461539	1467.959538461539	1467.959538461539	1467.959538461539	1467.959538461539	1467.959538461539	1467.959538461539
1598.878615384616	1598.878615384616	1598.878615384616	1598.878615384616	1598.878615384616	1598.878615384616	1598.878615384616	1598.878615384616	1598.878615384616	1598.878615384616	1598.878615384616	1598.878615384616	1598.878615384616	1598.878615384616	1598.878615384616	1598.878615384616	1598.878615384616	1598.878615384616	1598.878615384616	1598.878615384616	1598.878615384616	1598.878615384616	1598.878615384616	1598.878615384616	1598.878615384616	1598.878615384616	1598.878615384616	1598.878615384616
1729.797692307692	1729.797692307692	1729.797692307692	1729.797692307692	1729.797692307692	1729.797692307692	1729.797692307692	1729.797692307692	1729.797692307692	1729.797692307692	1729.797692307692	1729.797692307692	1729.797692307692	1729.797692307692	1729.797692307692	1729.797692307692	1729.797692307692	1729.797692307692	1729.797692307692	1729.797692307692	1729.797692307692	1729.797692307692	1729.797692307692	1729.797692307692	1729.797692307692	1729.797692307692	1729.797692307692	1729.797692307692
1860.716769230769	1860.716769230769	1860.716769230769	1860.716769230769	1860.716769230769	1860.716769230769	1860.716769230769	1860.716769230769	1860.716769230769	1860.716769230769	1860.716769230769	1860.716769230769	1860.716769230769	1860.716769230769	1860.716769230769	1860.716769230769	1860.716769230769	1860.716769230769	1860.716769230769	1860.716769230769	1860.716769230769	1860.716769230769	1860.716769230769	1860.716769230769	1860.716769230769	1860.716769230769	1860.716769230769	1860.716769230769
1991.635846153846	1991.635846153846	1991.635846153846	1991.635846153846	1991.635846153846	1991.635846153846	1991.635846153846	1991.635846153846	1991.635846153846	1991.635846153846	1991.635846153846	1991.635846153846	1991.635846153846	1991.635846153846	1991.635846153846	1991.635846153846	1991.635846153846	1991.635846153846	1991.635846153846	1991.635846153846	1991.635846153846	1991.635846153846	1991.635846153846	1991.635846153846	1991.635846153846	1991.635846153846	1991.635846153846	1991.635846153846
2122.554923076924	2122.554923076924	2122.554923076924	2122.554923076924	2122.554923076924	2122.554923076924	2122.554923076924	2122.554923076924	2122.554923076924	2122.554923076924	2122.554923076924	2122.554923076924	2122.554923076924	2122.554923076924	2122.554923076924	2122.554923076924	2122.554923076924	2122.554923076924	2122.554923076924	2122.554923076924	2122.554923076924	2122.554923076924	2122.554923076924	2122.554923076924	2122.554923076924	2122.554923076924	2122.554923076924	2122.554923076924
2253.474	2253.474	2253.474	2253.474	2253.474	2253.474	2253.474	2253.474	2253.474	2253.474	2253.474	2253.474	2253.474	2253.474	2253.474	2253.474	2253.474	2253.474	2253.474	2253.474	2253.474	2253.474	2253.474	2253.474	2253.474	2253.474	2253.474	2253.474
2384.393076923077	2384.393076923077	2384.393076923077	2384.393076923077	2384.393076923077	2384.393076923077	2384.393076923077	2384.393076923077	2384.393076923077	2384.393076923077	2384.393076923077	2384.393076923077	2384.393076923077	2384.393076923077	2384.393076923077	2384.393076923077	2384.393076923077	2384.393076923077	2384.393076923077	2384.393076923077	2384.393076923077	2384.393076923077	2384.393076923077	2384.393076923077	2384.393076923077	2384.393076923077	2384.393076923077	2384.393076923077
2515.312153846155	2515.312153846155	2515.312153846155	2515.312153846155	2515.312153846155	2515.312153846155	2515.312153846155	2515.312153846155	2515.312153846155	2515.312153846155	2515.312153846155	2515.312153846155	2515.312153846155	2515.312153846155	2515.312153846155	2515.312153846155	2515.312153846155	2515.312153846155	2515.312153846155	2515.312153846155	2515.312153846155	2515.312153846155	2515.312153846155	2515.312153846155	2515.312153846155	2515.312153846155	2515.312153846155	2515.312153846155
2646.231230769231	2646.231230769231	2646.231230769231	2646.231230769231	2646.231230769231	2646.231230769231	2646.231230769231	2646.231230769231	2646.231230769231	2646.231230769231	2646.231230769231	2646.231230769231	2646.231230769231	2646.231230769231	2646.231230769231	2646.231230769231	2646.231230769231	2646.231230769231	2646.231230769231	2646.231230769231	2646.231230769231	2646.231230769231	2646.231230769231	2646.231230769231	2646.231230769231	2646.231230769231	2646.231230769231	2646.231230769231
2777.150307692308	2777.150307692308	2777.150307692308	2777.150307692308	2777.150307692308	2777.150307692308	2777.150307692308	2777.150307692308	2777.150307692308	2777.150307692308	2777.150307692308	2777.150307692308	2777.150307692308	2777.150307692308	2777.150307692308	2777.150307692308	2777.150307692308	2777.150307692308	2777.150307692308	2777.150307692308	2777.150307692308	2777.150307692308	2777.150307692308	2777.150307692308	2777.150307692308	2777.150307692308	2777.150307692308	2777.150307692308
2908.069384615384	2908.069384615384	2908.069384615384	2908.069384615384	2908.069384615384	2908.069384615384	2908.069384615384	2908.069384615384	2908.069384615384	2908.069384615384	2908.069384615384	2908.069384615384	2908.069384615384	2908.069384615384	2908.069384615384	2908.069384615384	2908.069384615384	2908.069384615384	2908.069384615384	2908.069384615384	2908.069384615384	2908.069384615384	2908.069384615384	2908.069384615384	2908.069384615384	2908.069384615384	2908.069384615384	2908.069384615384
3038.988461538462	3038.988461538462	3038.988461538462	3038.988461538462	3038.988461538462	3038.988461538462	3038.988461538462	3038.988461538462	3038.988461538462	3038.988461538462	3038.988461538462	3038.988461538462	3038.988461538462	3038.988461538462	3038.988461538462	3038.988461538462	3038.988461538462	3038.988461538462	3038.988461538462	3038.988461538462	3038.988461538462	3038.988461538462	3038.988461538462	3038.988461538462	3038.988461538462	3038.988461538462	3038.988461538462	3038.988461538462
3169.907538461539	3169.907538461539	3169.907538461539	3169.907538461539	3169.907538461539	3169.907538461539	3169.907538461539	3169.907538461539	3169.907538461539	3169.907538461539	3169.907538461539	3169.907538461539	3169.907538461539	3169.907538461539	3169.907538461539	3169.907538461539	3169.907538461539	3169.907538461539	3169.907538461539	3169.907538461539	3169.907538461539	3169.907538461539	3169.907538461539	3169.907538461539	3169.907538461539	3169.907538461539	3169.907538461539	3169.907538461539
3300.826615384616	3300.826615384616	3300.826615384616	3300.826615384616	3300.826615384616	3300.826615384616	3300.826615384616	3300.826615384616	3300.826615384616	3300.826615384616	3300.826615384616	3300.826615384616	3300.826615384616	3300.826615384616	3300.826615384616	3300.826615384616	3300.826615384616	3300.826615384616	3300.826615384616	3300.826615384616	3300.826615384616	3300.826615384616	3300.826615384616	3300.826615384616	3300.826615384616	3300.826615384616	3300.826615384616	3300.826615384616
3431.745692307693	3431.745692307693	3431.745692307693	3431.745692307693	3431.745692307693	3431.745692307693	3431.745692307693	3431.745692307693	3431.745692307693	3431.745692307693	3431.745692307693	3431.745692307693	3431.745692307693	3431.745692307693	3431.745692307693	3431.745692307693	3431.745692307693	3431.745692307693	3431.745692307693	3431.745692307693	3431.745692307693	3431.745692307693	3431.745692307693	3431.745692307693	3431.745692307693	3431.745692307693	3431.745692307693	3431.745692307693
3562.66476923077	3562.66476923077	3562.66476923077	3562.66476923077	3562.66476923077	3562.66476923077	3562.66476923077	3562.66476923077	3562.66476923077	3562.66476923077	3562.66476923077	3562.66476923077	3562.66476923077	3562.66476923077	3562.66476923077	3562.66476923077	3562.66476923077	3562.66476923077	3562.66476923077	3562.66476923077	3562.66476923077	3562.66476923077	3562.66476923077	3562.66476923077	3562.66476923077	3562.66476923077	3562.66476923077	3562.66476923077
3693.583846153847	3693.583846153847	3693.583846153847	3693.583846153847	3693.583846153847	3693.583846153847	3693.583846153847	3693.583846153847	3693.583846153847	3693.583846153847	3693.583846153847	3693.583846153847	3693.583846153847	3693.583846153847	3693.583846153847	3693.583846153847	3693.583846153847	3693.583846153847	3693.583846153847	3693.583846153847	3693.583846153847	3693.583846153847	3693.583846153847	3693.583846153847	3693.583846153847	3693.583846153847	3693.583846153847	3693.583846153847
3824.502923076924	3824.502923076924	3824.502923076924	3824.502923076924	3824.502923076924	3824.502923076924	3824.502923076924	3824.502923076924	3824.502923076924	3824.502923076924	3824.502923076924	3824.502923076924	3824.502923076924	3824.502923076924	3824.502923076924	3824.502923076924	3824.502923076924	3824.502923076924	3824.502923076924	3824.502923076924	3824.502923076924	3824.502923076924	3824.502923076924	3824.502923076924	3824.502923076924	3824.502923076924	3824.502923076924	3824.502923076924
3955.422	3955.422	3955.422	3955.422	3955.422	3955.422	3955.422	3955.422	3955.422	3955.422	3955.422	3955.422	3955.422	3955.422	3955.422	3955.422	3955.422	3955.422	3955.422	3955.422	3955.422	3955.422	3955.422	3955.422	3955.422	3955.422	3955.422	3955.422
