 ******* MODEL DATA ESERCITAZIONE 2**************


------------------------------------------------------ 
Number of nodes: 12
Number of elements: 20
Number of nodes per element: 2
Number of degrees of freedom per node: 2
Number of degrees of freedom per element: 4


------------------------------------------------------ 
thermal variation [°C]: 25.3341
thermal expansion coefficient: 1.2e-05
Young modulus steel [KN/m^2]: 2.1e+08
------------------------------------------------------ 
Node      X           Y 
 1,     0000.00,     0000.00
 2,     0002.53,     0000.00
 3,     0000.00,     0005.07
 4,     0002.53,     0005.07
 5,     -002.53,     0010.13
 6,     0000.00,     0010.13
 7,     0002.53,     0010.13
 8,     0007.60,     0010.13
 9,     0012.67,     0010.13
 10,     0000.00,     0012.67
 11,     0002.53,     0012.67
 12,     0007.60,     0012.67

------------------------------------------------------ 
Element    Node_1     Node_2 
 1,         1,          3
 2,         2,          4
 3,         2,          3
 4,         3,          4
 5,         4,          7
 6,         3,          6
 7,         3,          7
 8,         6,          7
 9,         5,          6
 10,         5,          10
 11,         6,          10
 12,         6,          11
 13,         7,          11
 14,         10,          11
 15,         7,          8
 16,         8,          11
 17,         11,          12
 18,         8,          12
 19,         8,          9
 20,         9,          12

------------------------------------------------------ 
Element     Area
1,        0.005383
2,        0.005383
3,        0.005508
4,        0.005381
5,        0.005383
6,        0.005383
7,        0.005508
8,        0.005381
9,        0.005381
10,        0.005508
11,        0.005383
12,        0.005508
13,        0.005383
14,        0.005381
15,        0.005381
16,        0.005508
17,        0.005381
18,        0.005383
19,        0.005381
20,        0.005508

------------------------------------------------------ 
Node   concentrated_load_X     concentrated_load_Y
1,         0000.00,                  0000.00
2,         0000.00,                  0000.00
3,         0020.00,                  0000.00
4,         0000.00,                  0000.00
5,         0015.00,                  -020.00
6,         0000.00,                  0000.00
7,         0000.00,                  0000.00
8,         0000.00,                  0000.00
9,         0000.00,                  -080.00
10,         0005.00,                  0000.00
11,         0000.00,                  0000.00
12,         0000.00,                  0000.00
------------------------------------------------------ 
Node   distributed_load_X     distributed_load_Y
1,         0000.00,                  0000.00
2,         0000.00,                  0000.00
3,         0000.00,                  0000.00
4,         0000.00,                  0000.00
5,         0000.00,                  0000.00
6,         0000.00,                  0000.00
7,         0000.00,                  0000.00
8,         0000.00,                  0000.00
9,         0000.00,                  0000.00
10,         0000.00,                  -063.34
11,         0000.00,                  -190.01
12,         0000.00,                  -126.67
------------------------------------------------------ 
Node     thermal_load_X     thermal_load_Y
1,         0000.00,             0000.00
2,         0000.00,             0000.00
3,         0000.00,             0000.00
4,         0000.00,             0000.00
5,         -343.53,             0000.00
6,         0000.00,             0000.00
7,         0000.00,             0000.00
8,         0000.00,             0000.00
9,         0343.53,             0000.00
10,         0000.00,             0000.00
11,         0000.00,             0000.00
12,         0000.00,             0000.00
------------------------------------------------------ 
Node   Total forces_load_X      Total forces_load_Y
1,          0000.00,                  0000.00
2,          0000.00,                  0000.00
3,          0020.00,                  0000.00
4,          0000.00,                  0000.00
5,          0358.53,                  -020.00
6,          0000.00,                  0000.00
7,          0000.00,                  0000.00
8,          0000.00,                  0000.00
9,          -343.53,                  -080.00
10,          0005.00,                  -063.34
11,          0000.00,                  -190.01
12,          0000.00,                  -126.67
------------------------------------------------------ 
Node      disp_U            disp_V
1,        0,         0
2,        0,         0
3,        0.00631338,         0.00266694
4,        0.00631338,         -0.00445987
5,        0.0329256,         0.022918
6,        0.0320769,         0.00479601
7,        0.0299765,         -0.00891974
8,        0.0258654,         -0.0671739
9,        0.0236076,         -0.126599
10,        0.0513582,         0.00460925
11,        0.0513919,         -0.01106
12,        0.0521093,         -0.0676371

------------------------------------------------------ 
element    Mass [KN]
1,        2.14106
2,        2.14106
3,        2.44937
4,        1.07013
5,        2.14106
6,        2.14106
7,        2.44937
8,        1.07013
9,        1.07013
10,        1.54912
11,        1.07053
12,        1.54912
13,        1.07053
14,        1.07013
15,        2.14027
16,        2.44937
17,        2.14027
18,        1.07053
19,        2.14027
20,        2.44937

------------------------------------------------------ 

Total Mass, Mtot[KN] = 35.3729

------------------------------------------------------ 

Total number of active degrees of freedom, n = 24

-------------------------------------------------------- 
 


 ******* PRINTING ANALYSIS RESULTS **************


------------------------------------------------------ 
Global force vector f 
 -3.64336e-14
 -595.006
 -40
 1075.02
 20
 9.09495e-13
 1.81899e-12
 2.27374e-13
 358.533
 -20
 5.68434e-12
 1.59162e-12
 -5.15478e-12
 -3.63798e-12
 7.1114e-13
 -7.27596e-12
 -343.533
 -80
 5
 -63.3353
 1.45519e-11
 -190.006
 7.27596e-12
 -126.67

------------------------------------------------------ 
epslon deformation:  delta 
  0.00053
 -0.00088
 -0.00008
  0.00000
 -0.00088
  0.00042
  0.00004
 -0.00083
 -0.00033
  0.00002
 -0.00007
  0.00068
 -0.00084
  0.00001
 -0.00081
  0.00040
  0.00014
 -0.00018
 -0.00045
  0.00015

------------------------------------------------------ 
Reaction:  realction 
 -0.00000
 -595.00575
 -40.00000
 1075.01725
 -0.00000
  0.00000
  0.00000
  0.00000
  0.00000
  0.00000
  0.00000
  0.00000
 -0.00000
 -0.00000
  0.00000
 -0.00000
 -0.00000
  0.00000
 -0.00000
 -0.00000
  0.00000
 -0.00000
  0.00000
  0.00000

------------------------------------------------------ 
Members actions 
element    Normal force            action
 1,         595.00575,         Tension
 2,         -995.01725,         Compression
 3,         -89.44272,         Compression
 4,          0.00000,         Tension
 5,         -995.01725,         Compression
 6,         475.00575,         Tension
 7,         44.72136,         Tension
 8,         -593.34100,         Compression
 9,         -35.00000,         Compression
 10,         28.28427,         Tension
 11,         -83.33525,         Compression
 12,         789.61341,         Tension
 13,         -955.01725,         Compression
 14,         15.00000,         Tension
 15,         -573.34100,         Compression
 16,         462.12929,         Tension
 17,         160.00000,         Tension
 18,         -206.67050,         Compression
 19,         -160.00000,         Compression
 20,         178.88544,         Tension
